1 6 5.7162
2 6 5.9852
3 6 5.9852
4 6 7.2629
5 6 7.6664
6 6 6.1870
7 6 1.8830
8 6 6.5905
9 6 2.8917
10 2 3.3585
11 9 6.3712
12 9 5.8172
13 1 5.7260
14 9 5.5402
15 63 2.7027
16 23 2.1714
17 152 0.6817
18 87 1.2034
19 13 1.5403
20 18 1.4371
21 16 1.3746
22 17 1.2440
23 18 1.5043
24 19 2.1247
25 20 4.7333
26 21 4.3419
27 22 4.7124
28 23 3.8770
29 24 5.0498
30 25 3.6835
31 26 1.2253
32 114 2.4636
33 42 3.5714
34 28 2.2634
35 30 4.9689
36 31 6.3136
37 31 4.5825
38 47 3.7383
39 34 5.0454
40 35 2.3933
41 36 5.0218
42 77 2.0737
43 44 2.6099
44 39 8.8844
45 32 1.6760
46 45 1.9563
47 15 1.7042
48 43 2.4226
49 46 2.9350
50 45 2.2901
51 37 3.3449
52 65 4.8193
53 48 2.3711
54 48 4.0206
55 49 3.5941
56 53 3.5197
57 51 4.3568
58 52 4.0469
59 53 4.0373
60 54 3.4700
61 55 4.0816
62 65 3.7152
63 58 3.4729
64 58 3.7794
65 59 2.1875
66 65 4.6988
67 66 3.4078
68 217 1.6878
69 76 7.9853
70 64 6.2458
71 65 1.8945
72 0 0
73 67 0.6618
74 68 0.7242
75 69 1.1096
76 0 0
77 71 1.1432
78 72 5.8623
79 73 7.2194
80 74 7.5758
81 75 6.6294
82 76 4.6886
83 77 5.7513
84 86 3.7789
85 89 3.9216
86 79 3.7776
87 81 4.7753
88 80 3.8869
