-5912 39.77612
-5910 38.22059
-5908 38.97102
-5906 39.24286
-5904 39.22535
-5902 39.00000
-5900 39.15068
-5898 38.62162
-5896 38.25333
-5894 38.25000
-5892 38.15585
-5890 40.34615
-5888 40.50633
-5886 39.93750
-5884 39.50617
-5882 40.13415
-5880 39.59036
-5878 39.84524
-5876 40.56470
-5874 40.13953
-5872 39.36782
-5870 38.70454
-5868 39.48315
-5866 39.11111
-5864 40.26374
-5862 39.11956
-5860 40.01075
-5858 39.59575
-5856 39.14737
-5854 39.43750
-5852 39.40206
-5850 39.71429
-5848 40.28283
-5846 39.74000
-5844 39.21782
-5842 40.58823
-5840 39.91262
-5838 40.45192
-5836 39.42857
-5834 39.14151
-5832 38.59813
-5830 38.25000
-5828 38.84404
-5826 37.61818
-5824 38.10811
-5822 37.16071
-5820 36.48672
-5818 38.42982
-5816 38.92174
-5814 38.56034
-5812 40.21368
-5810 39.78814
-5808 39.28571
-5806 39.19167
-5804 38.42149
-5802 38.43443
-5800 38.97561
-5798 37.76613
-5796 38.00800
-5794 38.75397
-5792 39.40157
-5790 39.40625
-5788 39.49612
-5786 39.65385
-5784 40.04580
-5782 39.50758
-5780 40.04511
-5778 40.69403
-5776 39.98518
-5774 40.22794
-5772 40.29927
-5770 39.78261
-5768 39.15108
-5766 40.32857
-5764 40.57447
-5762 40.89437
-5760 39.72727
-5758 39.81944
-5756 38.63448
-5754 38.92466
-5752 38.98639
-5750 39.26351
-5748 39.87920
-5746 40.10000
-5744 39.08609
-5742 38.74342
-5740 39.40523
-5738 39.12337
-5736 40.00000
-5734 38.32692
-5732 37.68790
-5730 37.89241
-5728 38.13836
-5726 37.45625
-5724 38.08075
-5722 38.56173
-5720 38.01841
-5718 38.03049
-5716 38.26060
-5714 38.21687
-5712 39.08982
-5710 38.61905
-5708 38.36686
-5706 38.42353
-5704 38.38012
-5702 37.48256
-5700 39.02890
-5698 38.79310
-5696 38.96000
-5694 40.13068
-5692 39.02260
-5690 37.88202
-5688 38.47486
-5686 37.83333
-5684 37.66851
-5682 37.58242
-5680 36.83607
-5678 37.33696
-5676 36.84865
-5674 37.83871
-5672 37.56150
-5670 37.86170
-5668 38.68783
-5666 38.35789
-5664 37.86911
-5662 37.30729
-5660 37.36269
-5658 38.18041
-5656 38.67692
-5654 37.40816
-5652 37.88325
-5650 38.40404
-5648 38.30151
-5646 38.78000
-5644 38.92537
-5642 38.52475
-5640 38.48769
-5638 38.34314
-5636 38.10244
-5634 37.87379
-5632 37.55072
-5630 37.79327
-5628 37.80861
-5626 37.97143
-5624 37.76777
-5622 37.57076
-5620 37.58216
-5618 37.96262
-5616 37.53023
-5614 37.21296
-5612 37.76958
-5610 37.51376
-5608 37.34246
-5606 37.11818
-5604 36.98642
-5602 37.77478
-5600 37.69955
-5598 37.37054
-5596 37.12889
-5594 37.12832
-5592 37.42291
-5590 37.96053
-5588 37.36681
-5586 37.25652
-5584 37.31602
-5582 37.84483
-5580 37.57940
-5578 37.52137
-5576 36.78724
-5574 37.62288
-5572 37.80169
-5570 36.51681
-5568 36.62343
-5566 37.22917
-5564 36.89212
-5562 36.66116
-5560 36.25926
-5558 36.42213
-5556 37.11428
-5554 37.47155
-5552 36.84211
-5550 37.31452
-5548 36.58635
-5546 37.27200
-5544 37.33865
-5542 37.40476
-5540 37.15020
-5538 37.19291
-5536 37.09019
-5534 37.53906
-5532 37.82490
-5530 36.77907
-5528 37.16602
-5526 37.12308
-5524 37.37931
-5522 38.14122
-5520 38.28137
-5518 38.26136
-5516 37.49811
-5514 37.67669
-5512 37.79401
-5510 37.35448
-5508 37.18587
-5506 37.42963
-5504 37.35793
-5502 37.52206
-5500 37.41392
-5498 37.29197
-5496 37.45454
-5494 37.34420
-5492 37.56318
-5490 37.64029
-5488 37.34050
-5486 37.92143
-5484 37.92171
-5482 37.90780
-5480 38.16254
-5478 37.82747
-5476 38.21404
-5474 37.96503
-5472 37.81185
-5470 37.71875
-5468 37.03114
-5466 37.76897
-5464 37.50859
-5462 38.27740
-5460 38.25597
-5458 37.59524
-5456 37.94915
-5454 37.79392
-5452 37.86195
-5450 38.09732
-5448 37.74247
-5446 38.05667
-5444 38.14286
-5442 37.62914
-5440 38.11221
-5438 38.10526
-5436 37.64590
-5434 38.33660
-5432 38.26384
-5430 37.64935
-5428 37.81877
-5426 37.06774
-5424 37.63666
-5422 37.45513
-5420 37.49840
-5418 38.10828
-5416 38.03809
-5414 38.01582
-5412 38.51735
-5410 38.01258
-5408 38.47335
-5406 38.38125
-5404 38.53894
-5402 37.79503
-5400 37.96285
-5398 38.01852
-5396 38.12308
-5394 37.76687
-5392 37.77370
-5390 38.32317
-5388 37.98480
-5386 37.76364
-5384 38.14804
-5382 38.38253
-5380 38.67567
-5378 38.83533
-5376 38.68060
-5374 38.55357
-5372 38.61127
-5370 38.03550
-5368 37.92920
-5366 37.96177
-5364 38.14663
-5362 38.36550
-5360 38.62099
-5358 37.74128
-5356 38.03768
-5354 37.43064
-5352 37.58789
-5350 38.15805
-5348 38.00000
-5346 37.73143
-5344 38.28490
-5342 38.16477
-5340 37.25779
-5338 38.18362
-5336 38.41972
-5334 38.48595
-5332 38.04202
-5330 37.72626
-5328 36.97771
-5326 36.96111
-5324 36.61219
-5322 37.08840
-5320 37.22589
-5318 37.71429
-5316 38.05206
-5314 37.94809
-5312 38.48501
-5310 38.17663
-5308 38.35230
-5306 37.90000
-5304 38.02426
-5302 38.81989
-5300 38.79356
-5298 38.48129
-5296 37.86400
-5294 38.53724
-5292 37.95756
-5290 38.01323
-5288 37.90501
-5286 37.98948
-5284 38.22835
-5282 38.00785
-5280 37.41253
-5278 37.39323
-5276 37.51429
-5274 37.51554
-5272 37.22997
-5270 36.86598
-5268 36.40874
-5266 37.34615
-5264 37.23785
-5262 37.35714
-5260 37.43257
-5258 38.04822
-5256 37.27089
-5254 37.91162
-5252 37.52393
-5250 38.21608
-5248 37.84962
-5246 37.16250
-5244 37.59352
-5242 37.20149
-5240 37.49380
-5238 37.29950
-5236 37.22222
-5234 37.37931
-5232 36.67322
-5230 36.40931
-5228 36.68460
-5226 36.58537
-5224 37.22871
-5222 36.50486
-5220 36.02179
-5218 36.29952
-5216 36.87470
-5214 36.87260
-5212 36.35732
-5210 36.71292
-5208 36.54654
-5206 36.64048
-5204 36.68646
-5202 36.61848
-5200 37.21040
-5198 36.51651
-5196 36.44941
-5194 36.47418
-5192 36.88525
-5190 36.82477
-5188 37.19347
-5186 36.91395
-5184 37.61485
-5182 37.37268
-5180 36.85450
-5178 37.03687
-5176 37.32874
-5174 37.06422
-5172 37.29977
-5170 36.97032
-5168 37.11162
-5166 36.86818
-5164 36.69388
-5162 36.56335
-5160 37.38601
-5158 37.04504
-5156 36.50113
-5154 36.39686
-5152 36.64877
-5150 36.56250
-5148 36.56125
-5146 36.38222
-5144 36.15078
-5142 37.12168
-5140 37.44592
-5138 36.68943
-5136 36.32747
-5134 36.47149
-5132 36.84683
-5130 36.34280
-5128 36.42920
-5126 36.49565
-5124 36.31236
-5122 36.05195
-5120 35.94168
-5118 36.40302
-5116 36.46667
-5114 36.50858
-5112 36.73876
-5110 36.14316
-5108 36.00853
-5106 36.43830
-5104 36.62845
-5102 36.86017
-5100 37.08034
-5098 36.81013
-5096 36.44210
-5094 36.23529
-5092 36.13208
-5090 36.74477
-5088 36.84134
-5086 36.35833
-5084 36.13721
-5082 36.19917
-5080 36.33126
-5078 37.05372
-5076 36.22680
-5074 36.89506
-5072 36.70636
-5070 36.56353
-5068 35.78323
-5066 35.31020
-5064 36.00000
-5062 36.01220
-5060 35.44016
-5058 35.56680
-5056 35.33131
-5054 35.40121
-5052 34.60362
-5050 35.36546
-5048 35.47094
-5046 35.74000
-5044 35.55688
-5042 35.21315
-5040 35.74553
-5038 35.71627
-5036 35.66337
-5034 35.71542
-5032 35.76923
-5030 35.98819
-5028 36.13949
-5026 35.71765
-5024 35.42857
-5022 35.35547
-5020 35.53606
-5018 35.72179
-5016 35.58058
-5014 35.90698
-5012 36.79304
-5010 36.64479
-5008 36.06551
-5006 36.78846
-5004 36.65451
-5002 36.67816
-5000 35.44742
-4998 35.22901
-4996 35.50286
-4994 35.53422
-4992 34.74573
-4990 34.92424
-4988 35.11342
-4986 35.37925
-4984 35.47269
-4982 34.79323
-4980 34.86679
-4978 35.05805
-4976 35.16075
-4974 34.67351
-4972 35.14153
-4970 35.29926
-4968 35.68831
-4966 35.40371
-4964 35.31054
-4962 35.25461
-4960 35.54512
-4958 35.08272
-4956 34.90275
-4954 34.81502
-4952 35.41865
-4950 35.86861
-4948 35.29144
-4946 35.14363
-4944 34.75318
-4942 35.01812
-4940 35.84629
-4938 35.07401
-4936 35.27027
-4934 34.93345
-4932 35.25853
-4930 35.34229
-4928 35.38462
-4926 35.61607
-4924 35.77718
-4922 34.36655
-4920 34.00533
-4918 34.99645
-4916 35.00708
-4914 35.03357
-4912 34.73898
-4910 34.49120
-4908 34.36028
-4906 34.23860
-4904 34.21716
-4902 34.23602
-4900 34.66143
-4898 34.46864
-4896 35.12522
-4894 34.57639
-4892 34.83709
-4890 34.89100
-4888 34.97237
-4886 35.17759
-4884 35.09811
-4882 35.06014
-4880 34.62779
-4878 34.39041
-4876 34.09573
-4874 34.80034
-4872 34.49744
-4870 35.35884
-4868 35.26825
-4866 35.39153
-4864 34.89509
-4862 35.15541
-4860 34.56324
-4858 35.16330
-4856 34.73277
-4854 34.79530
-4852 34.94305
-4850 34.50335
-4848 34.42070
-4846 34.59833
-4844 34.92513
-4842 35.25748
-4840 35.43947
-4838 35.33775
-4836 35.23636
-4834 35.34158
-4832 35.23888
-4830 35.67270
-4828 35.93432
-4826 35.89180
-4824 35.19640
-4822 35.31046
-4820 35.25938
-4818 35.86156
-4816 35.27642
-4814 35.53085
-4812 35.07942
-4810 35.02266
-4808 35.68336
-4806 35.78226
-4804 35.28341
-4802 35.43248
-4800 35.54575
-4798 34.92308
-4796 34.71200
-4794 34.55591
-4792 35.11483
-4790 34.97771
-4788 34.71224
-4786 34.68095
-4784 34.30745
-4782 34.47310
-4780 34.78989
-4778 34.41167
-4776 34.14173
-4774 34.34906
-4772 33.99215
-4770 33.72570
-4768 34.21283
-4766 33.86719
-4764 34.13417
-4762 33.99221
-4760 34.21462
-4758 34.34783
-4756 34.23256
-4754 34.16254
-4752 34.31685
-4750 34.24383
-4748 34.00000
-4746 33.96154
-4744 33.77266
-4742 33.87730
-4740 33.68913
-4738 33.29052
-4736 33.60611
-4734 34.12195
-4732 34.29224
-4730 34.13982
-4728 34.01366
-4726 33.46363
-4724 34.18457
-4722 33.82930
-4720 33.40121
-4718 33.24096
-4716 33.43459
-4714 33.86486
-4712 33.90555
-4710 33.64820
-4708 33.34081
-4706 33.50448
-4704 33.41580
-4702 33.41220
-4700 33.46954
-4698 33.67211
-4696 33.53630
-4694 33.36538
-4692 33.15067
-4690 33.69912
-4688 33.72754
-4686 33.77647
-4684 33.88840
-4682 33.69501
-4680 33.88287
-4678 34.68129
-4676 34.11095
-4674 34.24052
-4672 33.92868
-4670 34.02761
-4668 34.71263
-4666 34.40000
-4664 34.24168
-4662 34.47832
-4660 34.46176
-4658 34.08213
-4656 34.23741
-4654 34.75575
-4652 34.11765
-4650 34.34814
-4648 34.21888
-4646 34.52714
-4644 34.11127
-4642 34.72792
-4640 34.20626
-4638 34.12926
-4636 34.19291
-4634 34.05949
-4632 33.84017
-4630 33.98164
-4628 34.20451
-4626 34.58310
-4624 34.48523
-4622 34.54073
-4620 33.94109
-4618 34.38655
-4616 34.24196
-4614 33.83519
-4612 34.19805
-4610 33.82312
-4608 33.75939
-4606 33.73611
-4604 33.73370
-4602 33.99308
-4600 34.02351
-4598 34.14365
-4596 33.72966
-4594 34.53168
-4592 33.92710
-4590 33.75824
-4588 34.05075
-4586 33.86028
-4584 34.08755
-4582 33.77049
-4580 33.43247
-4578 33.39782
-4576 34.24354
-4574 33.95516
-4572 33.48304
-4570 33.65176
-4568 33.82003
-4566 33.40946
-4564 33.47773
-4562 33.48922
-4560 33.57066
-4558 33.38441
-4556 33.08456
-4554 33.14075
-4552 33.23293
-4550 33.47326
-4548 33.80374
-4546 33.77333
-4544 33.43542
-4542 33.04787
-4540 33.28818
-4538 33.87533
-4536 33.75894
-4534 34.11376
-4532 33.85073
-4530 34.23483
-4528 34.28458
-4526 33.64342
-4524 34.08936
-4522 33.80315
-4520 33.75360
-4518 34.14267
-4516 33.58170
-4514 33.85640
-4512 34.26728
-4510 33.87500
-4508 34.05202
-4506 34.05714
-4504 34.18418
-4502 33.56218
-4500 33.50453
-4498 33.57623
-4496 33.50064
-4494 33.46778
-4492 33.55341
-4490 33.53085
-4488 33.50834
-4486 33.59872
-4484 33.99872
-4482 33.35294
-4480 33.17369
-4478 33.46429
-4476 33.76178
-4474 33.53817
-4472 33.45362
-4470 33.35660
-4468 34.01521
-4466 33.83924
-4464 33.27434
-4462 33.85101
-4460 33.99874
-4458 33.60579
-4456 33.72076
-4454 33.75879
-4452 34.17942
-4450 33.18171
-4448 33.73842
-4446 33.35625
-4444 33.20974
-4442 33.15960
-4440 33.50187
-4438 33.37562
-4436 33.46957
-4434 33.61663
-4432 33.05328
-4430 32.88985
-4428 32.97033
-4426 33.29012
-4424 33.29963
-4422 33.33867
-4420 32.64330
-4418 33.08599
-4416 33.20491
-4414 32.43872
-4412 32.72950
-4410 33.18460
-4408 33.05739
-4406 32.97195
-4404 33.45554
-4402 33.22141
-4400 32.81895
-4398 33.02184
-4396 32.61091
-4394 32.58838
-4392 32.74728
-4390 33.07367
-4388 32.57660
-4386 32.62169
-4384 32.70277
-4382 32.81130
-4380 32.53902
-4378 32.67266
-4376 33.01437
-4374 33.29067
-4372 32.94863
-4370 32.19928
-4368 31.92372
-4366 32.04405
-4364 32.88228
-4362 33.24347
-4360 33.04033
-4358 33.18839
-4356 33.20237
-4354 32.93381
-4352 33.20425
-4350 33.60378
-4348 33.23675
-4346 33.61530
-4344 33.67215
-4342 33.48122
-4340 33.56624
-4338 33.13349
-4336 33.07135
-4334 32.98598
-4332 33.17970
-4330 33.22727
-4328 32.71246
-4326 32.82907
-4324 33.26016
-4322 33.27958
-4320 32.89687
-4318 33.03241
-4316 32.86821
-4314 33.34873
-4312 33.33910
-4310 33.41475
-4308 33.33717
-4306 33.35057
-4304 33.86223
-4302 33.35207
-4300 32.91065
-4298 32.93021
-4296 32.90286
-4294 33.12215
-4292 33.32611
-4290 33.22324
-4288 33.04551
-4286 32.84887
-4284 32.69126
-4282 32.94444
-4280 33.55493
-4278 33.11086
-4276 32.86780
-4274 32.97404
-4272 33.47689
-4270 33.41104
-4268 33.02137
-4266 32.74495
-4264 33.31313
-4262 33.43049
-4260 33.52632
-4258 33.21700
-4256 33.35196
-4254 33.35826
-4252 33.66221
-4250 33.28397
-4248 33.21691
-4246 32.41333
-4244 32.95449
-4242 32.80155
-4240 33.04651
-4238 33.18363
-4236 33.12707
-4234 32.93377
-4232 33.33297
-4230 33.47357
-4228 33.79428
-4226 33.64505
-4224 34.07794
-4222 34.11184
-4220 33.66046
-4218 33.65646
-4216 33.36940
-4214 32.91594
-4212 33.27699
-4210 33.14052
-4208 32.71926
-4206 32.17935
-4204 32.19218
-4202 32.54989
-4200 32.82232
-4198 33.04437
-4196 32.79892
-4194 32.49568
-4192 32.97087
-4190 32.85129
-4188 32.11625
-4186 32.72796
-4184 32.93877
-4182 32.94743
-4180 33.05895
-4178 33.08244
-4176 33.56043
-4174 32.95299
-4172 33.25187
-4170 33.10981
-4168 33.35144
-4166 33.33085
-4164 33.36557
-4162 32.97346
-4160 33.42948
-4158 33.11864
-4156 32.89312
-4154 32.79176
-4152 33.21542
-4150 33.46835
-4148 33.04110
-4146 32.73895
-4144 32.68665
-4142 32.95798
-4140 33.12172
-4138 33.01572
-4136 32.75916
-4134 33.12343
-4132 32.69175
-4130 32.59916
-4128 32.78415
-4126 32.97292
-4124 33.34339
-4122 33.62162
-4120 33.45275
-4118 33.07469
-4116 33.24249
-4114 32.97412
-4112 33.23164
-4110 32.66219
-4108 33.40764
-4106 33.72268
-4104 33.25953
-4102 32.93313
-4100 33.24358
-4098 33.11499
-4096 32.85231
-4094 32.84631
-4092 33.20471
-4090 33.72188
-4088 33.19714
-4086 33.00000
-4084 33.03160
-4082 33.66090
-4080 33.85555
-4078 32.88720
-4076 32.86295
-4074 32.90974
-4072 32.83283
-4070 32.39271
-4068 32.85440
-4066 32.31818
-4064 32.48032
-4062 32.49798
-4060 32.18530
-4058 32.40443
-4056 32.92563
-4054 33.10542
-4052 32.98997
-4050 32.92685
-4048 32.85285
-4046 33.29800
-4044 33.20380
-4042 33.11876
-4040 33.28215
-4038 32.96713
-4036 32.07264
-4034 31.89264
-4032 32.15889
-4030 32.20436
-4028 32.39544
-4026 32.38614
-4024 32.08605
-4022 32.41304
-4020 32.65153
-4018 33.13116
-4016 32.84926
-4014 32.48032
-4012 32.64405
-4010 32.50982
-4008 32.42787
-4006 32.65196
-4004 32.42605
-4002 32.32192
-4000 32.85337
-3998 32.91016
-3996 32.58732
-3994 32.73782
-3992 32.47906
-3990 32.71109
-3988 33.05539
-3986 32.49320
-3984 32.45587
-3982 32.58333
-3980 32.40174
-3978 32.45551
-3976 32.79903
-3974 32.70560
-3972 32.64513
-3970 32.70809
-3968 32.61694
-3966 32.09519
-3964 32.46398
-3962 32.60653
-3960 32.40844
-3958 32.60249
-3956 32.20096
-3954 32.34130
-3952 32.55301
-3950 32.54008
-3948 33.10009
-3946 33.10000
-3944 33.16365
-3942 32.83745
-3940 32.64767
-3938 32.81784
-3936 32.86066
-3934 32.74527
-3932 32.93756
-3930 32.61909
-3928 32.96978
-3926 32.85755
-3924 32.73421
-3922 33.22881
-3920 33.18533
-3918 33.09962
-3916 33.07042
-3914 32.64259
-3912 33.06936
-3910 33.00000
-3908 32.85688
-3906 32.65607
-3904 32.78805
-3902 33.14459
-3900 33.02796
-3898 32.94227
-3896 32.98140
-3894 32.63290
-3892 32.81894
-3890 32.96753
-3888 32.89157
-3886 33.63148
-3884 33.37465
-3882 32.77079
-3880 32.45337
-3878 32.82011
-3876 32.35023
-3874 32.81860
-3872 33.11868
-3870 33.14522
-3868 33.77135
-3866 33.07156
-3864 33.29422
-3862 33.31593
-3860 32.94053
-3858 33.08592
-3856 33.30137
-3854 32.99818
-3852 33.24339
-3850 33.29781
-3848 33.00364
-3846 33.00909
-3844 32.55313
-3842 32.67150
-3840 32.87942
-3838 32.72011
-3836 32.60905
-3834 32.74955
-3832 32.32159
-3830 32.48285
-3828 33.05861
-3826 32.92612
-3824 32.81548
-3822 32.78148
-3820 33.43756
-3818 33.26840
-3816 33.13811
-3814 32.81989
-3812 32.26768
-3810 32.51521
-3808 32.61662
-3806 32.46339
-3804 32.35950
-3802 32.35829
-3800 32.39893
-3798 32.90925
-3796 32.76178
-3794 33.27620
-3792 33.22893
-3790 32.96454
-3788 32.79716
-3786 32.76460
-3784 32.74889
-3782 32.72527
-3780 32.93027
-3778 33.08642
-3776 33.68458
-3774 33.43750
-3772 33.12577
-3770 33.52988
-3768 33.21071
-3766 33.32368
-3764 33.18755
-3762 33.12960
-3760 33.31496
-3758 33.13462
-3756 33.12926
-3754 32.72077
-3752 32.97210
-3750 33.29268
-3748 33.37598
-3746 33.12696
-3744 32.93397
-3742 33.28125
-3740 32.84042
-3738 32.64645
-3736 32.66234
-3734 32.77249
-3732 32.84097
-3730 32.48877
-3728 32.50906
-3726 32.59052
-3724 32.14643
-3722 32.47935
-3720 33.04385
-3718 33.13746
-3716 32.72017
-3714 32.73328
-3712 32.75750
-3710 33.36045
-3708 33.25150
-3706 33.07008
-3704 33.08625
-3702 33.02987
-3700 32.75533
-3698 32.76576
-3696 32.86298
-3694 33.03146
-3692 33.06287
-3690 32.69525
-3688 32.99830
-3686 33.56102
-3684 33.44030
-3682 33.34856
-3680 33.57481
-3678 33.59459
-3676 33.17468
-3674 33.22175
-3672 33.18534
-3670 33.23653
-3668 33.28343
-3666 32.83277
-3664 33.58270
-3662 33.42450
-3660 32.79631
-3658 32.38358
-3656 32.89540
-3654 32.69398
-3652 33.00752
-3650 33.25960
-3648 33.06422
-3646 33.44667
-3644 33.41382
-3642 33.49251
-3640 33.34497
-3638 33.19767
-3636 32.88631
-3634 33.06882
-3632 33.13173
-3630 33.09354
-3628 33.43424
-3626 33.46611
-3624 33.20231
-3622 33.41172
-3620 33.13190
-3618 32.95716
-3616 33.06585
-3614 33.13816
-3612 33.09367
-3610 33.26273
-3608 32.75472
-3606 32.82623
-3604 32.65192
-3602 32.80687
-3600 32.82257
-3598 33.22549
-3596 33.08571
-3594 32.61338
-3592 32.83945
-3590 32.76140
-3588 33.21969
-3586 33.41463
-3584 33.09748
-3582 33.09740
-3580 32.88646
-3578 33.10535
-3576 32.87611
-3574 32.46359
-3572 32.68472
-3570 32.78433
-3568 33.31800
-3566 33.32177
-3564 33.38356
-3562 33.63768
-3560 33.12148
-3558 32.75080
-3556 32.96627
-3554 33.22472
-3552 33.06095
-3550 32.60657
-3548 32.57806
-3546 32.40640
-3544 32.89688
-3542 32.72604
-3540 32.88029
-3538 32.88118
-3536 32.72271
-3534 32.95143
-3532 32.58791
-3530 33.06280
-3528 32.83400
-3526 32.78413
-3524 33.08406
-3522 32.96910
-3520 33.18844
-3518 33.01741
-3516 32.77708
-3514 32.92891
-3512 33.12313
-3510 32.90458
-3508 32.82979
-3506 33.09134
-3504 33.23682
-3502 33.23113
-3500 33.02671
-3498 32.95212
-3496 32.82745
-3494 32.90439
-3492 32.94675
-3490 33.09155
-3488 33.51290
-3486 33.59375
-3484 33.56596
-3482 33.67473
-3480 33.16758
-3478 32.96339
-3476 32.84358
-3474 33.26128
-3472 33.52991
-3470 33.36413
-3468 33.42824
-3466 33.61628
-3464 33.21688
-3462 33.41641
-3460 33.74633
-3458 33.23957
-3456 33.33436
-3454 33.46914
-3452 33.66692
-3450 33.64561
-3448 33.63126
-3446 33.41154
-3444 33.52882
-3442 33.54685
-3440 33.32694
-3438 33.62500
-3436 33.81686
-3434 33.55130
-3432 33.22800
-3430 33.04663
-3428 32.98090
-3426 33.20229
-3424 33.30740
-3422 33.85061
-3420 33.91165
-3418 33.86377
-3416 34.05019
-3414 33.92553
-3412 33.78056
-3410 33.86798
-3408 34.09704
-3406 33.94091
-3404 33.77744
-3402 33.91982
-3400 33.73752
-3398 33.50303
-3396 33.98260
-3394 33.86309
-3392 33.51967
-3390 33.37292
-3388 33.02042
-3386 33.15734
-3384 33.24962
-3382 33.22466
-3380 33.11724
-3378 33.14296
-3376 33.08018
-3374 33.37897
-3372 33.06354
-3370 32.55522
-3368 32.83585
-3366 33.36233
-3364 33.27080
-3362 32.79576
-3360 32.74735
-3358 33.12178
-3356 32.92663
-3354 32.87141
-3352 33.02950
-3350 33.21558
-3348 33.09607
-3346 32.72920
-3344 33.29123
-3342 33.29879
-3340 32.91755
-3338 32.84720
-3336 32.89410
-3334 32.90242
-3332 32.99168
-3330 32.72390
-3328 33.06808
-3326 32.84191
-3324 33.06657
-3322 33.13237
-3320 33.30106
-3318 33.45991
-3316 33.57186
-3314 32.98639
-3312 32.47655
-3310 33.07111
-3308 33.31846
-3306 33.29350
-3304 32.88502
-3302 33.15431
-3300 33.01513
-3298 32.49773
-3296 32.77307
-3294 33.14070
-3292 32.52194
-3290 32.56808
-3288 32.51815
-3286 32.69743
-3284 32.91528
-3282 32.89713
-3280 32.15961
-3278 32.34342
-3276 32.84720
-3274 32.91830
-3272 32.88654
-3270 32.90318
-3268 32.54387
-3266 32.75719
-3264 32.78139
-3262 32.99773
-3260 32.60061
-3258 32.36460
-3256 32.71709
-3254 32.60892
-3252 32.90998
-3250 32.94327
-3248 32.62784
-3246 32.75794
-3244 32.79728
-3242 32.77912
-3240 32.47353
-3238 32.82678
-3236 32.72466
-3234 32.76853
-3232 33.13389
-3230 33.38049
-3228 32.76929
-3226 32.71558
-3224 32.96596
-3222 32.51361
-3220 32.36914
-3218 32.81316
-3216 32.75038
-3214 32.64372
-3212 32.79198
-3210 32.74887
-3208 33.07186
-3206 33.25643
-3204 33.22390
-3202 33.27988
-3200 33.63313
-3198 33.25719
-3196 33.00227
-3194 33.02042
-3192 32.79955
-3190 32.35023
-3188 32.59153
-3186 32.39713
-3184 32.77912
-3182 32.53555
-3180 32.82829
-3178 32.66868
-3176 32.53253
-3174 32.29274
-3172 32.24357
-3170 32.21482
-3168 32.70197
-3166 32.53631
-3164 32.02194
-3162 32.39334
-3160 32.44327
-3158 33.00832
-3156 32.61876
-3154 32.84115
-3152 32.66944
-3150 32.65204
-3148 32.78745
-3146 32.59455
-3144 32.40847
-3142 32.66490
-3140 32.49849
-3138 32.60817
-3136 33.02269
-3134 32.80182
-3132 32.61498
-3130 32.58245
-3128 32.51740
-3126 32.40545
-3124 32.50605
-3122 33.15885
-3120 32.63162
-3118 32.45840
-3116 32.69743
-3114 32.56732
-3112 32.49849
-3110 32.57489
-3108 32.66868
-3106 32.91150
-3104 32.70121
-3102 32.47806
-3100 32.55976
-3098 32.31316
-3096 32.13086
-3094 32.60061
-3092 32.49924
-3090 32.35401
-3088 32.48790
-3086 32.59153
-3084 32.44402
-3082 32.38805
-3080 32.56959
-3078 32.29350
-3076 32.13237
-3074 32.03858
-3072 32.27685
-3070 31.48790
-3068 31.85174
-3066 32.16566
-3064 32.04009
-3062 31.76021
-3060 32.23676
-3058 32.28291
-3056 32.53253
-3054 33.04009
-3052 32.49622
-3050 32.51059
-3048 32.43419
-3046 32.26475
-3044 32.21482
-3042 32.18306
-3040 32.14826
-3038 31.98714
-3036 31.96218
-3034 31.86309
-3032 31.81770
-3030 31.60817
-3028 32.19440
-3026 32.43343
-3024 31.75189
-3022 31.94705
-3020 32.00378
-3018 31.59834
-3016 31.56127
-3014 31.84342
-3012 32.05976
-3010 31.89183
-3008 31.95688
-3006 31.66263
-3004 31.51362
-3002 31.50529
-3000 31.54917
-2998 31.97806
-2996 32.17852
-2994 31.85250
-2992 32.21255
-2990 31.76021
-2988 31.92587
-2986 32.36233
-2984 32.31694
-2982 32.10817
-2980 31.97731
-2978 31.72390
-2976 31.81165
-2974 32.40998
-2972 31.71407
-2970 31.65053
-2968 31.69365
-2966 31.81467
-2964 31.84947
-2962 32.56203
-2960 32.12935
-2958 31.78669
-2956 31.84569
-2954 31.93041
-2952 32.28669
-2950 32.02572
-2948 32.24433
-2946 32.05522
-2944 32.03177
-2942 32.27988
-2940 31.97958
-2938 31.87897
-2936 32.01588
-2934 32.15356
-2932 31.92360
-2930 32.02345
-2928 32.60136
-2926 31.92133
-2924 31.88881
-2922 31.87821
-2920 31.68003
-2918 31.86914
-2916 32.11649
-2914 32.22163
-2912 32.21558
-2910 32.08548
-2908 32.22844
-2906 31.69289
-2904 31.70953
-2902 31.72920
-2900 31.94629
-2898 31.75945
-2896 32.24735
-2894 32.46596
-2892 32.19138
-2890 32.27761
-2888 32.33888
-2886 32.33661
-2884 32.46369
-2882 32.81694
-2880 32.70045
-2878 32.74508
-2876 32.65129
-2874 32.42814
-2872 32.07111
-2870 32.14750
-2868 32.18230
-2866 32.25265
-2864 32.16717
-2862 32.66717
-2860 32.68154
-2858 32.21331
-2856 32.01059
-2854 32.05522
-2852 32.11498
-2850 32.67247
-2848 32.15658
-2846 32.66263
-2844 32.61951
-2842 32.19440
-2840 31.97731
-2838 31.81543
-2836 32.20575
-2834 32.23676
-2832 32.47050
-2830 32.00832
-2828 32.29728
-2826 32.44932
-2824 32.28366
-2822 32.42965
-2820 32.33132
-2818 32.05976
-2816 31.56959
-2814 32.04009
-2812 32.04312
-2810 32.62784
-2808 32.45840
-2806 32.34342
-2804 32.28820
-2802 31.94100
-2800 32.02572
-2798 32.29803
-2796 32.03253
-2794 32.16868
-2792 32.49017
-2790 32.09682
-2788 32.16112
-2786 32.08397
-2784 32.54463
-2782 32.35023
-2780 32.25492
-2778 32.51891
-2776 32.47353
-2774 32.11346
-2772 31.68684
-2770 31.75643
-2768 32.37746
-2766 31.45915
-2764 31.97201
-2762 32.28896
-2760 32.40318
-2758 32.46899
-2756 33.75492
-2754 34.68154
-2752 39.61346
-2750 45.98941
-2748 36.52118
-2746 33.43722
-2744 33.14750
-2742 32.47806
-2740 31.96445
-2738 32.10590
-2736 31.80333
-2734 31.73676
-2732 31.69516
-2730 32.15431
-2728 32.54160
-2726 32.22768
-2724 32.15809
-2722 32.56657
-2720 32.58699
-2718 32.18381
-2716 31.73449
-2714 31.08699
-2712 31.16641
-2710 31.18835
-2708 31.03707
-2706 31.29728
-2704 31.48563
-2702 31.56430
-2700 31.72012
-2698 31.88881
-2696 31.29123
-2694 31.61119
-2692 31.65129
-2690 31.27307
-2688 31.34947
-2686 31.69894
-2684 31.37292
-2682 31.36384
-2680 31.47126
-2678 31.67700
-2676 31.50681
-2674 31.41074
-2672 31.19365
-2670 31.07489
-2668 30.83737
-2666 31.04539
-2664 30.88805
-2662 31.00605
-2660 31.24055
-2658 30.92890
-2656 31.13162
-2654 31.33056
-2652 31.04766
-2650 31.22769
-2648 31.42057
-2646 31.16188
-2644 31.21104
-2642 31.25794
-2640 31.00605
-2638 31.29879
-2636 31.32375
-2634 31.20802
-2632 31.41982
-2630 31.09304
-2628 30.63767
-2626 31.04841
-2624 31.38200
-2622 31.48260
-2620 30.81694
-2618 31.09380
-2616 31.25113
-2614 31.79576
-2612 31.53631
-2610 31.55371
-2608 31.67322
-2606 32.18381
-2604 31.83359
-2602 31.17852
-2600 31.27307
-2598 31.12330
-2596 30.93192
-2594 31.17776
-2592 31.06808
-2590 31.24962
-2588 31.07867
-2586 31.20045
-2584 30.75038
-2582 30.66944
-2580 30.88275
-2578 31.61271
-2576 31.27080
-2574 31.04387
-2572 31.31089
-2570 31.01513
-2568 31.12784
-2566 31.45234
-2564 31.54387
-2562 31.21331
-2560 31.14070
-2558 31.34266
-2556 31.41150
-2554 31.59607
-2552 31.25492
-2550 31.47201
-2548 31.33661
-2546 31.59607
-2544 31.60893
-2542 31.16793
-2540 31.62859
-2538 31.81694
-2536 31.70726
-2534 31.39788
-2532 31.50227
-2530 31.61649
-2528 31.83586
-2526 31.37897
-2524 31.71407
-2522 31.29047
-2520 31.71483
-2518 31.85023
-2516 31.84645
-2514 32.08775
-2512 31.90847
-2510 32.08018
-2508 31.98033
-2506 32.08699
-2504 32.01588
-2502 31.82829
-2500 31.42057
-2498 31.69289
-2496 31.62784
-2494 31.86611
-2492 31.69289
-2490 31.38805
-2488 31.77837
-2486 31.65280
-2484 31.58321
-2482 31.46899
-2480 31.33737
-2478 31.47806
-2476 31.60363
-2474 31.86233
-2472 31.79879
-2470 31.22012
-2468 31.44024
-2466 31.84645
-2464 31.77307
-2462 31.48033
-2460 31.17020
-2458 30.89713
-2456 31.35930
-2454 31.70953
-2452 31.52118
-2450 31.35098
-2448 31.48638
-2446 31.54841
-2444 31.43646
-2442 31.20272
-2440 31.37368
-2438 31.28896
-2436 31.09002
-2434 30.91377
-2432 30.89637
-2430 31.06505
-2428 31.54539
-2426 31.27988
-2424 31.18079
-2422 31.03631
-2420 30.85401
-2418 31.01967
-2416 31.21407
-2414 31.09380
-2412 30.88275
-2410 30.71180
-2408 30.86687
-2406 31.13162
-2404 30.71256
-2402 30.98487
-2400 31.16641
-2398 31.09985
-2396 31.64221
-2394 31.60741
-2392 31.47428
-2390 31.64372
-2388 31.19743
-2386 31.24357
-2384 31.54085
-2382 31.84266
-2380 32.25038
-2378 31.56127
-2376 31.58775
-2374 31.67322
-2372 31.62330
-2370 31.62330
-2368 31.54387
-2366 31.45688
-2364 31.11800
-2362 31.02042
-2360 31.25870
-2358 31.28669
-2356 31.33586
-2354 31.44327
-2352 31.30106
-2350 31.13843
-2348 31.64221
-2346 31.56883
-2344 31.46672
-2342 31.30333
-2340 31.46520
-2338 31.08775
-2336 31.20575
-2334 31.27080
-2332 31.23222
-2330 30.88805
-2328 31.15961
-2326 31.28896
-2324 31.23676
-2322 31.37368
-2320 31.35930
-2318 31.21331
-2316 31.42814
-2314 31.27307
-2312 30.69667
-2310 30.84796
-2308 31.12784
-2306 31.44629
-2304 31.00378
-2302 31.69213
-2300 31.33056
-2298 31.24508
-2296 31.10212
-2294 31.98790
-2292 31.59834
-2290 31.13086
-2288 31.13918
-2286 31.02194
-2284 30.91906
-2282 31.35476
-2280 31.11573
-2278 30.87821
-2276 31.57791
-2274 31.95688
-2272 31.22617
-2270 31.27005
-2268 31.35023
-2266 31.42057
-2264 31.48487
-2262 30.92360
-2260 31.27988
-2258 31.56127
-2256 31.57489
-2254 31.25113
-2252 31.62859
-2250 31.62859
-2248 31.33586
-2246 31.06354
-2244 30.74660
-2242 30.80560
-2240 31.25265
-2238 31.07413
-2236 30.82300
-2234 30.81694
-2232 30.93949
-2230 31.25416
-2228 30.97655
-2226 31.08699
-2224 31.01513
-2222 30.44554
-2220 30.68684
-2218 30.56430
-2216 30.72012
-2214 30.77231
-2212 30.74660
-2210 30.91755
-2208 30.82678
-2206 31.28669
-2204 30.99244
-2202 30.81770
-2200 31.21029
-2198 31.27685
-2196 30.93722
-2194 30.64372
-2192 30.86384
-2190 30.51891
-2188 30.75945
-2186 30.99017
-2184 31.04917
-2182 31.08926
-2180 31.66339
-2178 31.04312
-2176 30.84266
-2174 30.79350
-2172 30.56959
-2170 30.98790
-2168 30.91377
-2166 31.09380
-2164 31.32073
-2162 30.89032
-2160 30.96747
-2158 31.01513
-2156 31.03934
-2154 31.36536
-2152 31.24433
-2150 31.44100
-2148 31.21558
-2146 31.20121
-2144 30.99168
-2142 31.04614
-2140 31.19894
-2138 31.44554
-2136 31.10817
-2134 31.15961
-2132 30.98109
-2130 30.88729
-2128 30.96823
-2126 30.87065
-2124 31.06354
-2122 30.73449
-2120 30.66112
-2118 30.50303
-2116 30.90696
-2114 31.15431
-2112 31.09153
-2110 31.17625
-2108 31.31619
-2106 30.93419
-2104 30.88578
-2102 31.30938
-2100 31.62027
-2098 31.19289
-2096 30.96218
-2094 31.00000
-2092 31.09077
-2090 31.15355
-2088 30.73752
-2086 30.88805
-2084 30.86233
-2082 30.94100
-2080 31.28291
-2078 31.17852
-2076 31.09607
-2074 31.40469
-2072 31.33586
-2070 31.34947
-2068 31.40015
-2066 31.79123
-2064 31.42511
-2062 31.40545
-2060 31.23525
-2058 31.41301
-2056 31.55522
-2054 31.16944
-2052 31.18230
-2050 30.85703
-2048 30.84720
-2046 31.02345
-2044 31.20499
-2042 31.28669
-2040 31.22920
-2038 30.85250
-2036 30.95991
-2034 31.06430
-2032 31.01135
-2030 30.69062
-2028 30.31392
-2026 30.70348
-2024 31.03253
-2022 30.99092
-2020 30.81921
-2018 30.95234
-2016 30.92738
-2014 30.82829
-2012 31.00303
-2010 31.08775
-2008 30.75416
-2006 31.00681
-2004 30.63464
-2002 31.02118
-2000 31.15355
-1998 30.89183
-1996 31.24433
-1994 30.90166
-1992 30.87519
-1990 31.27685
-1988 31.17776
-1986 31.52496
-1984 30.96445
-1982 31.28517
-1980 31.34493
-1978 31.36309
-1976 31.19365
-1974 31.50000
-1972 31.67398
-1970 31.87595
-1968 31.44100
-1966 31.16188
-1964 31.20575
-1962 31.33586
-1960 31.42360
-1958 30.85401
-1956 30.74887
-1954 30.91225
-1952 30.72390
-1950 31.31316
-1948 30.95688
-1946 30.96747
-1944 31.10363
-1942 31.14902
-1940 31.24357
-1938 31.47655
-1936 31.44327
-1934 30.96596
-1932 31.47958
-1930 31.02572
-1928 30.40545
-1926 30.65582
-1924 30.91755
-1922 30.68306
-1920 30.40015
-1918 30.81467
-1916 31.19289
-1914 30.66036
-1912 30.82980
-1910 31.04539
-1908 31.24811
-1906 31.30030
-1904 31.35325
-1902 31.60439
-1900 31.16868
-1898 31.28971
-1896 31.23752
-1894 30.58699
-1892 30.60968
-1890 31.18457
-1888 31.31770
-1886 30.96142
-1884 31.19289
-1882 31.31543
-1880 31.14372
-1878 30.78291
-1876 31.02723
-1874 31.11271
-1872 31.06430
-1870 31.04614
-1868 30.95386
-1866 30.77534
-1864 30.30711
-1862 30.93797
-1860 31.28064
-1858 31.44403
-1856 31.24357
-1854 31.60893
-1852 31.39561
-1850 31.03026
-1848 30.76172
-1846 30.59607
-1844 30.95310
-1842 31.09380
-1840 31.53177
-1838 31.20650
-1836 31.20953
-1834 31.08321
-1832 30.80560
-1830 30.93873
-1828 30.67700
-1826 30.84871
-1824 30.52194
-1822 30.76399
-1820 30.81619
-1818 31.00303
-1816 31.04387
-1814 30.92057
-1812 30.72769
-1810 30.68911
-1808 30.49092
-1806 31.02799
-1804 30.88351
-1802 30.41150
-1800 30.69062
-1798 30.66339
-1796 30.45613
-1794 30.28064
-1792 30.66263
-1790 30.58775
-1788 30.87595
-1786 30.46596
-1784 30.45915
-1782 30.65507
-1780 30.74962
-1778 30.84720
-1776 31.04387
-1774 30.69289
-1772 30.84266
-1770 30.47882
-1768 30.80711
-1766 30.72315
-1764 30.51891
-1762 30.39561
-1760 30.78291
-1758 30.22769
-1756 30.34871
-1754 30.64145
-1752 30.47958
-1750 30.54463
-1748 30.34039
-1746 30.27534
-1744 30.50076
-1742 30.72315
-1740 30.65129
-1738 30.76702
-1736 30.80333
-1734 30.76929
-1732 31.08623
-1730 31.14902
-1728 31.18760
-1726 31.05295
-1724 31.31770
-1722 30.89561
-1720 31.11952
-1718 31.02950
-1716 30.26702
-1714 30.26399
-1712 30.62481
-1710 30.75189
-1708 30.39183
-1706 30.22239
-1704 30.71180
-1702 30.58094
-1700 30.39939
-1698 30.66112
-1696 30.75567
-1694 30.72769
-1692 30.63011
-1690 30.77156
-1688 30.46520
-1686 30.80862
-1684 31.04160
-1682 30.99471
-1680 30.78442
-1678 30.65053
-1676 30.41528
-1674 30.74887
-1672 31.04992
-1670 31.15809
-1668 30.72390
-1666 30.57110
-1664 30.58169
-1662 30.75189
-1660 30.77383
-1658 31.13238
-1656 31.03026
-1654 31.21936
-1652 30.91377
-1650 31.21634
-1648 31.42890
-1646 31.52874
-1644 31.35174
-1642 31.22693
-1640 30.77383
-1638 30.70272
-1636 30.49092
-1634 30.96823
-1632 30.97655
-1630 30.75870
-1628 30.63086
-1626 30.65129
-1624 30.47504
-1622 30.60212
-1620 30.68533
-1618 31.01513
-1616 31.16112
-1614 30.95764
-1612 31.07716
-1610 31.52269
-1608 31.21029
-1606 30.80333
-1604 30.98185
-1602 31.09909
-1600 31.21180
-1598 31.28366
-1596 31.09002
-1594 31.03480
-1592 31.37216
-1590 31.16641
-1588 31.00303
-1586 31.24508
-1584 30.96747
-1582 31.04766
-1580 30.86838
-1578 30.88048
-1576 30.84266
-1574 30.87292
-1572 30.78139
-1570 30.50000
-1568 30.45840
-1566 30.58396
-1564 31.03934
-1562 31.19516
-1560 30.88427
-1558 30.71331
-1556 30.99244
-1554 30.65204
-1552 30.12481
-1550 30.13011
-1548 30.51286
-1546 30.84266
-1544 30.63464
-1542 30.75794
-1540 30.77156
-1538 30.50983
-1536 30.83434
-1534 31.07943
-1532 31.27837
-1530 31.01210
-1528 31.01286
-1526 30.44251
-1524 30.19592
-1522 30.78744
-1520 31.02345
-1518 30.81316
-1516 30.77761
-1514 31.19289
-1512 31.23601
-1510 31.30333
-1508 31.32451
-1506 31.24130
-1504 31.60514
-1502 31.63162
-1500 31.19970
-1498 31.27307
-1496 31.08850
-1494 30.87897
-1492 30.93646
-1490 31.13918
-1488 31.16112
-1486 31.08775
-1484 31.13994
-1482 31.05068
-1480 30.37973
-1478 30.86536
-1476 31.18457
-1474 31.22920
-1472 31.12557
-1470 31.11271
-1468 30.77156
-1466 31.11271
-1464 30.84342
-1462 31.13389
-1460 30.76778
-1458 30.90923
-1456 30.70197
-1454 30.51437
-1452 30.18306
-1450 30.43192
-1448 31.00605
-1446 30.96899
-1444 31.03253
-1442 31.15204
-1440 30.63540
-1438 31.07186
-1436 31.10287
-1434 31.17700
-1432 30.84871
-1430 30.40847
-1428 30.49471
-1426 30.47428
-1424 30.58850
-1422 31.07716
-1420 31.24281
-1418 30.96520
-1416 30.74281
-1414 30.53631
-1412 30.94100
-1410 31.10287
-1408 31.30030
-1406 31.36838
-1404 30.94176
-1402 31.08775
-1400 31.12708
-1398 31.02269
-1396 31.01362
-1394 31.50454
-1392 30.92965
-1390 30.42057
-1388 30.67700
-1386 30.98185
-1384 31.33132
-1382 31.28593
-1380 30.81997
-1378 31.10136
-1376 31.15507
-1374 30.65355
-1372 30.69970
-1370 30.63843
-1368 31.06581
-1366 31.18306
-1364 30.99849
-1362 31.31619
-1360 31.39939
-1358 31.14902
-1356 30.95991
-1354 30.88805
-1352 30.71709
-1350 30.65658
-1348 31.11952
-1346 31.27837
-1344 31.37443
-1342 31.26324
-1340 30.90696
-1338 30.68684
-1336 30.68079
-1334 31.10590
-1332 30.62179
-1330 30.26021
-1328 30.71331
-1326 30.67927
-1324 30.41679
-1322 30.76021
-1320 30.52648
-1318 31.10363
-1316 30.97731
-1314 31.01967
-1312 30.27005
-1310 30.31619
-1308 30.38427
-1306 30.71029
-1304 30.87368
-1302 30.76778
-1300 30.63389
-1298 30.66717
-1296 30.51588
-1294 30.41377
-1292 30.71558
-1290 30.87216
-1288 30.89637
-1286 30.59985
-1284 30.76778
-1282 31.34493
-1280 31.25643
-1278 31.20045
-1276 31.21256
-1274 31.05295
-1272 30.75567
-1270 31.02874
-1268 31.12708
-1266 30.46596
-1264 30.48941
-1262 30.45461
-1260 30.31770
-1258 30.08926
-1256 30.44705
-1254 30.46974
-1252 30.62557
-1250 30.88275
-1248 30.91755
-1246 30.87746
-1244 30.96747
-1242 30.58548
-1240 30.72693
-1238 30.69743
-1236 30.40847
-1234 30.48033
-1232 30.70045
-1230 30.66414
-1228 30.43873
-1226 30.69213
-1224 30.55522
-1222 30.20726
-1220 29.91377
-1218 30.00908
-1216 30.58548
-1214 30.41150
-1212 30.01588
-1210 30.59229
-1208 30.70197
-1206 30.41831
-1204 30.16339
-1202 30.47201
-1200 30.66188
-1198 30.53328
-1196 30.32148
-1194 30.23676
-1192 30.13464
-1190 30.16566
-1188 30.41679
-1186 30.37368
-1184 30.34493
-1182 29.85401
-1180 29.73979
-1178 29.81316
-1176 30.12784
-1174 30.23298
-1172 29.83207
-1170 29.70499
-1168 29.63389
-1166 29.91074
-1164 30.15961
-1162 30.18457
-1160 30.52496
-1158 30.09758
-1156 30.56354
-1154 30.35855
-1152 30.23525
-1150 30.35250
-1148 30.34947
-1146 30.77458
-1144 30.75643
-1142 30.84796
-1140 30.53328
-1138 30.58548
-1136 30.70272
-1134 30.80106
-1132 30.77458
-1130 30.92814
-1128 31.07716
-1126 31.16036
-1124 31.10061
-1122 30.75340
-1120 30.43343
-1118 30.47126
-1116 30.48109
-1114 30.83056
-1112 30.57489
-1110 30.75265
-1108 30.20121
-1106 30.94176
-1104 30.51815
-1102 30.60136
-1100 30.69667
-1098 31.04085
-1096 30.90847
-1094 30.71634
-1092 30.65961
-1090 30.51513
-1088 30.79652
-1086 30.73979
-1084 30.69970
-1082 30.16188
-1080 30.42436
-1078 30.78669
-1076 30.33964
-1074 30.51135
-1072 30.48109
-1070 30.72769
-1068 30.47958
-1066 30.56581
-1064 30.78366
-1062 30.48865
-1060 30.56430
-1058 30.68608
-1056 30.42814
-1054 30.77080
-1052 30.37443
-1050 30.83434
-1048 30.73601
-1046 30.83661
-1044 30.70877
-1042 30.21709
-1040 30.59682
-1038 30.72012
-1036 31.07035
-1034 30.99697
-1032 30.58926
-1030 30.36384
-1028 30.90620
-1026 30.89486
-1024 31.24055
-1022 31.03328
-1020 30.86157
-1018 30.90620
-1016 31.02572
-1014 30.50076
-1012 30.82300
-1010 30.51891
-1008 30.38200
-1006 30.37519
-1004 30.60741
-1002 30.66414
-1000 30.81846
-998 30.77988
-996 30.81467
-994 31.25340
-992 31.13162
-990 31.05219
-988 30.96823
-986 30.77231
-984 31.18760
-982 30.93949
-980 30.34720
-978 30.75643
-976 30.63011
-974 30.68911
-972 30.43192
-970 30.17852
-968 31.04085
-966 31.39183
-964 31.17474
-962 30.75340
-960 30.68306
-958 30.83510
-956 30.54009
-954 30.53404
-952 30.11422
-950 29.99092
-948 30.34191
-946 30.22390
-944 30.32224
-942 30.31165
-940 30.19062
-938 30.77685
-936 30.39713
-934 30.07640
-932 29.63767
-930 29.54009
-928 29.60590
-926 29.85855
-924 29.80862
-922 29.78215
-920 29.87595
-918 29.88048
-916 30.37065
-914 30.00681
-912 30.43873
-910 30.31770
-908 30.53782
-906 30.08396
-904 30.13540
-902 30.15582
-900 30.18381
-898 30.32451
-896 30.14524
-894 29.61800
-892 30.13616
-890 30.32980
-888 30.03555
-886 30.05219
-884 30.10287
-882 30.20877
-880 30.04009
-878 30.17474
-876 30.05597
-874 30.09077
-872 30.03101
-870 30.18381
-868 30.16188
-866 30.11573
-864 29.94932
-862 29.70424
-860 29.27837
-858 29.63540
-856 29.67474
-854 29.76324
-852 29.59531
-850 29.70575
-848 29.73147
-846 29.81694
-844 29.51891
-842 30.10212
-840 30.20272
-838 29.78896
-836 29.93192
-834 29.89486
-832 29.69138
-830 29.93797
-828 30.21104
-826 30.77080
-824 30.72390
-822 31.33812
-820 30.98487
-818 30.41604
-816 30.65658
-814 30.69592
-812 30.42663
-810 30.49622
-808 30.50454
-806 30.37519
-804 30.32451
-802 30.49395
-800 30.37519
-798 30.37670
-796 30.58094
-794 30.62632
-792 30.39637
-790 30.37746
-788 30.48790
-786 30.22844
-784 30.31997
-782 30.32980
-780 30.47428
-778 30.61044
-776 30.54841
-774 30.33510
-772 30.12935
-770 30.41679
-768 30.58018
-766 30.31619
-764 30.38578
-762 30.61044
-760 30.49471
-758 30.54917
-756 30.30484
-754 30.73525
-752 31.30484
-750 31.04387
-748 31.26097
-746 31.38124
-744 30.72693
-742 31.18533
-740 31.11649
-738 31.58623
-736 31.08850
-734 30.77005
-732 30.80030
-730 30.41604
-728 30.33964
-726 30.54841
-724 30.30484
-722 30.29123
-720 30.76475
-718 30.48865
-716 30.19894
-714 29.77080
-712 29.92284
-710 29.98185
-708 30.16263
-706 29.85703
-704 30.20121
-702 30.41982
-700 30.22769
-698 30.01664
-696 30.30787
-694 30.21558
-692 30.02269
-690 30.40091
-688 30.38578
-686 30.19667
-684 30.13994
-682 30.18457
-680 30.03858
-678 29.81014
-676 29.85628
-674 29.72844
-672 29.69743
-670 29.99471
-668 29.77307
-666 30.37821
-664 30.81089
-662 30.76097
-660 30.10514
-658 30.24735
-656 29.78593
-654 29.91831
-652 30.07564
-650 30.50454
-648 30.26551
-646 30.01210
-644 29.79576
-642 30.35098
-640 30.25113
-638 30.40393
-636 30.35401
-634 30.30333
-632 30.33964
-630 30.71180
-628 30.63086
-626 30.54009
-624 30.35098
-622 30.30787
-620 30.33586
-618 30.02345
-616 30.68003
-614 30.20726
-612 30.00832
-610 30.05673
-608 30.06505
-606 30.42814
-604 30.67549
-602 30.26399
-600 30.04009
-598 30.17776
-596 30.40091
-594 30.56959
-592 30.68986
-590 30.71483
-588 30.90318
-586 30.86989
-584 31.12859
-582 30.40771
-580 30.65582
-578 30.63086
-576 30.55144
-574 30.13691
-572 30.35098
-570 30.27080
-568 30.30787
-566 30.43343
-564 30.16188
-562 30.07110
-560 30.44251
-558 30.63086
-556 30.39107
-554 30.27685
-552 30.70726
-550 30.51740
-548 30.18533
-546 30.46747
-544 30.33737
-542 30.46369
-540 30.45386
-538 30.42436
-536 30.32602
-534 30.16339
-532 30.24660
-530 30.15053
-528 29.97126
-526 29.86460
-524 29.60363
-522 29.54690
-520 29.82980
-518 29.85476
-516 30.38427
-514 30.23601
-512 30.32753
-510 30.30484
-508 30.20499
-506 30.38124
-504 30.45613
-502 30.60514
-500 30.67776
-498 30.35250
-496 30.41604
-494 30.27534
-492 30.36233
-490 30.58169
-488 30.83888
-486 30.70877
-484 30.45764
-482 30.50076
-480 30.47201
-478 29.96218
-476 29.66112
-474 29.67398
-472 30.07035
-470 30.31165
-468 30.61119
-466 30.52194
-464 31.01891
-462 30.47504
-460 30.57337
-458 30.55522
-456 30.85401
-454 31.23525
-452 30.87519
-450 30.91982
-448 30.75265
-446 30.93949
-444 30.60136
-442 30.85098
-440 30.25340
-438 30.33812
-436 30.60666
-434 30.22315
-432 30.92890
-430 30.76626
-428 30.43646
-426 30.62179
-424 30.00151
-422 30.22466
-420 30.44856
-418 30.30484
-416 29.90318
-414 30.31014
-412 30.27837
-410 30.14372
-408 30.38275
-406 30.40998
-404 30.55219
-402 30.24660
-400 30.08094
-398 30.26551
-396 30.44629
-394 30.17852
-392 30.41604
-390 30.17700
-388 30.29274
-386 30.52496
-384 30.24055
-382 30.36914
-380 30.59229
-378 30.92965
-376 30.19062
-374 29.86611
-372 29.98941
-370 30.15507
-368 30.13011
-366 30.20121
-364 30.05522
-362 29.96974
-360 30.35098
-358 30.33737
-356 30.22239
-354 30.08699
-352 30.29350
-350 30.43495
-348 30.35703
-346 30.43495
-344 29.94629
-342 29.93495
-340 30.12179
-338 29.48260
-336 29.71483
-334 29.66566
-332 29.57791
-330 30.04085
-328 30.14297
-326 29.80333
-324 29.88654
-322 29.17549
-320 29.54539
-318 29.76475
-316 29.59380
-314 29.56959
-312 29.35703
-310 29.58321
-308 29.53631
-306 30.04917
-304 29.69743
-302 29.35628
-300 29.74887
-298 29.30560
-296 29.66868
-294 30.07943
-292 30.03404
-290 29.87216
-288 29.80635
-286 30.12557
-284 29.86460
-282 29.50983
-280 29.67625
-278 29.96823
-276 30.35325
-274 30.07262
-272 30.43646
-270 30.36989
-268 30.30635
-266 30.71861
-264 30.51740
-262 30.35174
-260 30.20045
-258 30.32224
-256 29.81467
-254 30.05446
-252 30.23298
-250 30.24206
-248 30.00000
-246 29.98033
-244 29.98941
-242 29.75416
-240 30.00000
-238 30.00983
-236 30.06278
-234 29.63086
-232 29.65355
-230 29.65658
-228 29.92360
-226 29.56354
-224 29.68230
-222 29.91831
-220 29.78896
-218 29.71029
-216 30.03555
-214 29.96142
-212 29.56732
-210 29.92284
-208 30.30635
-206 30.19289
-204 30.29350
-202 29.73525
-200 30.15582
-198 29.92663
-196 29.89032
-194 30.08396
-192 30.25265
-190 30.12027
-188 30.39864
-186 30.61422
-184 30.39788
-182 30.00303
-180 29.53328
-178 29.60666
-176 29.57867
-174 30.47126
-172 30.79576
-170 30.70197
-168 30.32829
-166 30.13918
-164 29.69894
-162 29.57867
-160 30.02345
-158 29.64675
-156 29.91074
-154 29.39183
-152 29.42284
-150 29.22920
-148 30.06732
-146 29.50076
-144 29.27458
-142 29.20953
-140 29.34796
-138 28.99471
-136 29.19365
-134 29.67398
-132 30.11800
-130 29.66944
-128 29.83056
-126 29.90771
-124 29.59909
-122 29.73828
-120 29.78442
-118 29.84342
-116 29.62179
-114 29.88956
-112 30.05749
-110 30.31165
-108 29.95008
-106 29.96899
-104 29.71936
-102 30.11346
-100 30.31846
-98 30.06581
-96 29.92436
-94 29.64750
-92 30.08472
-90 29.90998
-88 30.02950
-86 29.58926
-84 29.68911
-82 30.02042
-80 30.07186
-78 30.23449
-76 30.66717
-74 30.58094
-72 30.05144
-70 29.99168
-68 29.92057
-66 29.15961
-64 29.21861
-62 29.45159
-60 29.83207
-58 30.01437
-56 29.97277
-54 30.12557
-52 29.99697
-50 29.92738
-48 29.55900
-46 29.55749
-44 29.80711
-42 29.39788
-40 29.44176
-38 29.27685
-36 29.52648
-34 29.57186
-32 29.81165
-30 29.19592
-28 29.20348
-26 29.47731
-24 29.51059
-22 29.35250
-20 29.37368
-18 28.89107
-16 29.27231
-14 29.34871
-12 29.53328
-10 29.53253
-8 29.28896
-6 29.80333
-4 29.66566
-2 30.38729
0 30.07640
2 30.06662
4 29.94394
6 29.67096
8 30.21700
10 30.18755
12 30.24392
14 30.11787
16 29.86530
18 29.67631
20 30.00838
22 29.83143
24 30.17634
26 29.91597
28 29.94342
30 29.32288
32 29.30169
34 29.55326
36 29.21396
38 29.24712
40 29.29032
42 29.17371
44 30.03692
46 30.12394
48 29.90216
50 29.79722
52 30.07407
54 30.12819
56 29.71175
58 29.29853
60 29.67105
62 29.73354
64 29.88450
66 30.06206
68 30.19332
70 30.25797
72 30.23017
74 29.71907
76 29.82788
78 29.77864
80 29.65601
82 29.52849
84 29.96563
86 29.96091
88 29.63850
90 29.33125
92 29.23903
94 29.10196
96 29.85950
98 29.57895
100 29.58962
102 29.53108
104 29.74488
106 29.68085
108 29.80599
110 29.98974
112 30.37520
114 30.75257
116 30.40586
118 30.29058
120 30.39461
122 30.46233
124 30.33095
126 30.22478
128 29.82909
130 30.21957
132 29.82086
134 29.57211
136 30.09809
138 30.20750
140 30.74441
142 30.14948
144 30.26480
146 30.22418
148 30.24359
150 29.72815
152 29.74157
154 29.87470
156 29.28135
158 29.66372
160 29.49920
162 29.19178
164 29.18145
166 28.83535
168 28.84653
170 29.36378
172 29.36165
174 29.28340
176 29.43355
178 29.27575
180 29.31899
182 29.37693
184 29.78618
186 29.26119
188 30.07492
190 30.27954
192 29.84013
194 30.11265
196 30.43056
198 30.13819
200 29.77660
202 30.18427
204 30.17705
206 30.20427
208 30.18391
210 30.21446
212 30.19901
214 30.15720
216 29.89539
218 29.96290
220 29.57756
222 29.93064
224 29.44876
226 29.81720
228 30.18460
230 29.75559
232 29.73466
234 29.28714
236 28.82641
238 29.27764
240 29.52246
242 29.49292
244 29.65583
246 29.66389
248 29.95159
250 29.55305
252 29.37040
254 29.74644
256 30.17002
258 29.55993
260 29.86745
262 29.70361
264 30.10168
266 29.94533
268 29.74747
270 29.82814
272 30.41821
274 30.22278
276 29.66047
278 29.47168
280 30.00846
282 29.87638
284 30.14576
286 30.08058
288 29.51783
290 29.31691
292 29.24575
294 29.05277
296 28.93356
298 29.72890
300 29.57679
302 28.77284
304 29.85214
306 29.84602
308 29.30907
310 29.45159
312 29.23413
314 29.09528
316 29.28780
318 29.47979
320 29.74527
322 29.02756
324 29.45086
326 29.60052
328 29.84629
330 29.51772
332 29.78114
334 29.60260
336 29.35529
338 29.26019
340 29.53819
342 29.18592
344 29.40435
346 29.78938
348 29.57404
350 29.52921
352 29.00873
354 29.38515
356 29.53934
358 29.62555
360 29.35902
362 28.98160
364 29.23333
366 29.34153
368 29.21881
370 29.22691
372 29.24032
374 29.89163
376 29.37213
378 29.27979
380 29.59276
382 29.80371
384 29.31681
386 28.98494
388 29.09131
390 29.08252
392 29.15808
394 29.20444
396 29.31673
398 29.63847
400 29.81729
402 30.12400
404 30.37768
406 30.43879
408 30.01789
410 29.38496
412 30.03943
414 29.90224
416 29.72980
418 29.28122
420 29.16907
422 29.26103
424 29.01081
426 29.44364
428 29.83574
430 30.19783
432 30.20253
434 30.10407
436 29.63949
438 29.79148
440 30.70690
442 30.54133
444 30.38000
446 30.12375
448 29.60929
450 29.49590
452 29.62683
454 29.23105
456 29.19104
458 29.17017
460 29.37454
462 29.78368
464 29.90734
466 30.17447
468 30.38143
470 29.89052
472 29.90147
474 29.52811
476 29.71310
478 29.81071
480 29.81701
482 30.14338
484 29.93982
486 29.33179
488 29.34416
490 29.55618
492 30.30204
494 29.95163
496 29.58007
498 29.52656
500 29.49160
502 29.83100
504 29.72243
506 29.53882
508 29.65543
510 29.73664
512 29.36961
514 29.52300
516 29.43421
518 29.67545
520 28.63183
522 29.11876
524 29.51321
526 29.37771
528 29.00000
530 28.90729
532 28.81250
534 29.14028
536 28.86907
538 29.74169
540 29.82034
542 29.49477
544 29.14952
546 29.16778
548 28.45992
550 28.99714
552 28.88145
554 29.20191
556 29.55172
558 30.16395
560 30.04990
562 30.11143
564 29.73077
566 29.56689
568 29.93353
570 30.27194
572 30.09363
574 30.11691
576 30.27756
578 29.72023
580 29.50097
582 29.10863
584 29.20291
586 29.34694
588 29.68093
590 29.20740
592 29.29630
594 29.39610
596 29.42773
598 29.23460
600 29.43151
602 30.00686
604 30.01274
606 29.93523
608 29.75835
610 30.43166
612 30.49409
614 30.08473
616 29.74852
618 29.87167
620 29.61759
622 29.75272
624 29.60594
626 29.74331
628 29.61012
630 29.14300
632 30.02485
634 30.57114
636 30.30279
638 30.65902
640 30.44611
642 30.37163
644 30.40400
646 30.20821
648 30.14729
650 30.45135
652 30.25201
654 30.13869
656 30.44366
658 29.83283
660 30.01210
662 29.93744
664 30.41515
666 30.40445
668 30.17713
670 30.15400
672 30.34077
674 30.64975
676 30.59146
678 30.21058
680 29.95214
682 29.83384
684 29.88469
686 29.81818
688 29.78221
690 29.32037
692 29.43648
694 29.71795
696 29.90041
698 30.47482
700 30.48868
702 30.89598
704 31.02680
706 30.45511
708 30.36983
710 30.52844
712 30.36128
714 30.39171
716 30.42531
718 30.55244
720 30.49376
722 30.60042
724 30.88854
726 30.60167
728 30.21294
730 30.80669
732 30.26464
734 30.37382
736 30.24423
738 30.54984
740 31.08613
742 30.85068
744 30.66737
746 30.34141
748 30.46413
750 30.13200
752 30.04334
754 30.16931
756 29.94068
758 29.94698
760 29.86518
762 29.84060
764 29.92234
766 30.25453
768 30.16311
770 29.59125
772 29.92414
774 30.08984
776 30.30407
778 30.57771
780 30.48605
782 30.57680
784 30.44839
786 30.42088
788 30.43211
790 30.26429
792 29.74298
794 29.95784
796 29.81385
798 30.28169
800 30.49024
802 29.91097
804 30.22065
806 30.25136
808 29.79085
810 29.63032
812 30.30895
814 30.23606
816 30.06893
818 30.21358
820 30.47259
822 30.15807
824 29.87363
826 29.76348
828 29.92952
830 29.65491
832 30.35320
834 30.28066
836 30.67257
838 29.95127
840 30.38470
842 30.40067
844 30.64889
846 30.56730
848 30.66147
850 29.99554
852 30.68192
854 30.50838
856 30.76398
858 30.96305
860 30.77130
862 30.83053
864 30.57753
866 30.24859
868 30.42680
870 30.36979
872 30.12528
874 30.15480
876 29.90724
878 29.31823
880 29.42970
882 29.38706
884 29.66250
886 29.82708
888 30.33713
890 30.35804
892 30.14269
894 30.72686
896 30.74142
898 30.45590
900 29.83601
902 29.87945
904 30.06092
906 29.95857
908 29.67512
910 30.09112
912 29.91570
914 30.13642
916 29.72917
918 29.84705
920 30.16705
922 30.20325
924 30.30581
926 30.45984
928 30.56527
930 30.03034
932 30.46379
934 30.50643
936 30.37471
938 29.96483
940 29.68310
942 29.58872
944 29.84118
946 30.18846
948 30.15212
950 29.95041
952 30.17849
954 30.40710
956 30.51422
958 30.37011
960 30.98337
962 30.02259
964 29.84405
966 29.91776
968 30.43556
970 30.53524
972 30.26077
974 30.30180
976 30.89568
978 30.64466
980 30.59495
982 30.36582
984 30.36506
986 30.93969
988 30.94686
990 30.27932
992 29.59564
994 30.31879
996 30.29490
998 29.88335
1000 29.88443
1002 30.40682
1004 30.43293
1006 30.33455
1008 30.40954
1010 30.07956
1012 30.05147
1014 29.60736
1016 29.52948
1018 28.88438
1020 29.36576
1022 29.99753
1024 30.30741
1026 30.61434
1028 30.16955
1030 29.81536
1032 30.18238
1034 30.22236
1036 30.57587
1038 29.37983
1040 29.68204
1042 29.67291
1044 29.36000
1046 29.32416
1048 29.71554
1050 28.99624
1052 29.66206
1054 29.34843
1056 29.62720
1058 29.86255
1060 29.80429
1062 29.84956
1064 29.76329
1066 30.35234
1068 30.13706
1070 29.89835
1072 30.03690
1074 29.83312
1076 29.44643
1078 29.55939
1080 29.60486
1082 29.88861
1084 29.78590
1086 29.35430
1088 29.44730
1090 28.87774
1092 29.27448
1094 29.39742
1096 29.55685
1098 29.84864
1100 29.74352
1102 29.54086
1104 29.66493
1106 29.54877
1108 29.97917
1110 29.73533
1112 29.55744
1114 29.19085
1116 29.92408
1118 30.27916
1120 30.03937
1122 29.71485
1124 29.66053
1126 30.02899
1128 29.80607
1130 29.35403
1132 29.72355
1134 29.82781
1136 30.14854
1138 30.05312
1140 29.40027
1142 29.03728
1144 29.20667
1146 29.36582
1148 29.31150
1150 29.15261
1152 29.10724
1154 29.13825
1156 29.41532
1158 29.53701
1160 29.49057
1162 29.37382
1164 29.62027
1166 29.58593
1168 29.73848
1170 30.01221
1172 29.92255
1174 29.35918
1176 30.10763
1178 30.20600
1180 30.35929
1182 29.72777
1184 29.82466
1186 29.37997
1188 29.28159
1190 29.50206
1192 29.35950
1194 29.36552
1196 29.97928
1198 29.90595
1200 29.82410
1202 29.28572
1204 29.07639
1206 29.42976
1208 29.62535
1210 29.44073
1212 28.87430
1214 29.57622
1216 29.77871
1218 29.71529
1220 29.61798
1222 29.91139
1224 29.56056
1226 29.75882
1228 29.22034
1230 29.64781
1232 29.60057
1234 30.08652
1236 30.45312
1238 30.43101
1240 30.28775
1242 29.73181
1244 29.88857
1246 29.60944
1248 30.28080
1250 29.39024
1252 28.95115
1254 29.23166
1256 28.87464
1258 28.67388
1260 29.33381
1262 29.32417
1264 29.17536
1266 29.67199
1268 29.62064
1270 29.57060
1272 29.31050
1274 29.14890
1276 29.09795
1278 29.06296
1280 29.26246
1282 28.63877
1284 28.57941
1286 29.38881
1288 29.78909
1290 29.90694
1292 29.73521
1294 30.38963
1296 29.75668
1298 29.30906
1300 29.15178
1302 29.07302
1304 29.98955
1306 30.00000
1308 30.61377
1310 30.13793
1312 30.34534
1314 30.06316
1316 29.41566
1318 29.22624
1320 29.96526
1322 30.42663
1324 29.98030
1326 29.83763
1328 29.90578
1330 30.04871
1332 30.01524
1334 29.10840
1336 29.49541
1338 30.04441
1340 30.03988
1342 30.58218
1344 29.88308
1346 30.37288
1348 30.30247
1350 29.98454
1352 30.22601
1354 29.88837
1356 29.24224
1358 29.27216
1360 29.43302
1362 29.55538
1364 30.04531
1366 30.24570
1368 30.49530
1370 30.70487
1372 30.67296
1374 30.11968
1376 30.18454
1378 30.02212
1380 30.56329
1382 30.17433
1384 30.33492
1386 30.13037
1388 29.84713
1390 29.57097
1392 29.25080
1394 29.16320
1396 28.91506
1398 28.83146
1400 29.47428
1402 29.78905
1404 29.61774
1406 29.41842
1408 29.11327
1410 29.18476
1412 29.35065
1414 29.47154
1416 29.75896
1418 29.55465
1420 29.25654
1422 29.01800
1424 29.04426
1426 29.44663
1428 29.75658
1430 29.70016
1432 30.55445
1434 30.48099
1436 30.79470
1438 30.38309
1440 30.23422
1442 30.09817
1444 29.83833
1446 29.34725
1448 29.33278
1450 30.03685
1452 29.81208
1454 29.80336
1456 29.96296
1458 29.45194
1460 29.72297
1462 30.39425
1464 29.72373
1466 29.84550
1468 29.86225
1470 30.00341
1472 30.42833
1474 30.41709
1476 30.72260
1478 29.98628
1480 29.85567
1482 29.42341
1484 30.21379
1486 29.78584
1488 30.00000
1490 30.18891
1492 29.93576
1494 30.19478
1496 30.20383
1498 30.69284
1500 30.54720
1502 29.96497
1504 29.97193
1506 30.20738
1508 30.73944
1510 30.48325
1512 29.54417
1514 29.26018
1516 29.66489
1518 29.53819
1520 29.64413
1522 30.15686
1524 29.54821
1526 29.38104
1528 29.12366
1530 29.40215
1532 29.26259
1534 29.45766
1536 29.89350
1538 29.68174
1540 29.67391
1542 29.39020
1544 29.49454
1546 29.67577
1548 29.30474
1550 28.91956
1552 29.55678
1554 29.84220
1556 30.18015
1558 29.63168
1560 29.99631
1562 29.97227
1564 30.21852
1566 29.82004
1568 29.47584
1570 29.45251
1572 29.65672
1574 29.57196
1576 29.17041
1578 29.71107
1580 29.78196
1582 29.36723
1584 29.37358
1586 30.17391
1588 29.70455
1590 30.60911
1592 29.76806
1594 29.28762
1596 29.11069
1598 30.15679
1600 29.81801
1602 30.19770
1604 30.41923
1606 30.78805
1608 30.27992
1610 30.38685
1612 30.44380
1614 29.79223
1616 30.47860
1618 30.17154
1620 29.77148
1622 29.71820
1624 29.62157
1626 29.54028
1628 29.88189
1630 29.48718
1632 29.45455
1634 29.73465
1636 30.18849
1638 30.01591
1640 29.61554
1642 29.92814
1644 29.22600
1646 28.83968
1648 29.40562
1650 29.15895
1652 29.68145
1654 29.36768
1656 28.69433
1658 28.91278
1660 29.21951
1662 28.91242
1664 29.32041
1666 29.13088
1668 28.87090
1670 28.62628
1672 29.26749
1674 29.33814
1676 29.60950
1678 30.24431
1680 30.76348
1682 29.65073
1684 29.55208
1686 29.25261
1688 29.07113
1690 29.97694
1692 30.10084
1694 30.50526
1696 30.39451
1698 31.18182
1700 30.32839
1702 30.87898
1704 31.08723
1706 30.30917
1708 30.75855
1710 30.90150
1712 30.71459
1714 30.86882
1716 29.87716
1718 29.60259
1720 29.69481
1722 30.02386
1724 30.31739
1726 29.86928
1728 30.02839
1730 30.42888
1732 30.38377
1734 30.55165
1736 30.32599
1738 30.55850
1740 31.14602
1742 30.69180
1744 29.87778
1746 30.14477
1748 30.54464
1750 31.12752
1752 30.87444
1754 30.17079
1756 30.68694
1758 31.11964
1760 30.45023
1762 29.92064
1764 30.01591
1766 31.13212
1768 31.18721
1770 30.54920
1772 30.54816
1774 30.79770
1776 30.20968
1778 30.10624
1780 29.86111
1782 29.97912
1784 29.60000
1786 29.90676
1788 29.88318
1790 29.86651
1792 29.54460
1794 30.01647
1796 30.82076
1798 30.55083
1800 30.36493
1802 29.70071
1804 29.28572
1806 29.95465
1808 29.90670
1810 29.32854
1812 29.66827
1814 29.73735
1816 28.66667
1818 28.81356
1820 28.96602
1822 29.68370
1824 29.52683
1826 28.96577
1828 30.05882
1830 30.03931
1832 30.09360
1834 30.72099
1836 31.32178
1838 31.36724
1840 31.03980
1842 31.21696
1844 30.64750
1846 30.62907
1848 29.89447
1850 29.67506
1852 29.16162
1854 29.79747
1856 30.10914
1858 30.27481
1860 30.10204
1862 29.06650
1864 30.16410
1866 29.76093
1868 30.30928
1870 30.56331
1872 30.22280
1874 30.27273
1876 30.90625
1878 31.16449
1880 30.79319
1882 29.99213
1884 29.14474
1886 30.21372
1888 30.28042
1890 30.30769
1892 30.92819
1894 31.37867
1896 31.05882
1898 30.48525
1900 30.55914
1902 30.22372
1904 30.35946
1906 31.01355
1908 29.99457
1910 30.10627
1912 29.61749
1914 28.90685
1916 29.58517
1918 29.22314
1920 29.73757
1922 29.36842
1924 29.32778
1926 29.48189
1928 28.82402
1930 28.83193
1932 29.83989
1934 30.17183
1936 30.36158
1938 30.10198
1940 29.36932
1942 29.47293
1944 28.96571
1946 28.44126
1948 28.24138
1950 27.53890
1952 27.43931
1954 27.63478
1956 28.25872
1958 28.42857
1960 28.49415
1962 28.25220
1964 28.08529
1966 29.26549
1968 29.20414
1970 28.67656
1972 29.32143
1974 29.40298
1976 29.84132
1978 28.95796
1980 28.78012
1982 28.10876
1984 28.70000
1986 29.24012
1988 30.38110
1990 29.93272
1992 29.54601
1994 29.36615
1996 29.60494
1998 29.65635
2000 29.33851
2002 29.59813
2004 29.20000
2006 29.52665
2008 29.13522
2010 29.87697
2012 30.20886
2014 29.09524
2016 28.88853
2018 29.42172
2020 29.49359
2022 29.31190
2024 28.42258
2026 29.13592
2028 29.23052
2030 29.66124
2032 29.37255
2034 30.07541
2036 29.96382
2038 29.94390
2040 29.45695
2042 30.51495
2044 30.29667
2046 30.76254
2048 29.85906
2050 29.91919
2052 29.78716
2054 30.00339
2056 29.79592
2058 29.24232
2060 29.42123
2062 29.87972
2064 30.90000
2066 30.46367
2068 29.88889
2070 29.87805
2072 30.39161
2074 29.74386
2076 29.29225
2078 28.89046
2080 30.34397
2082 30.81139
2084 30.62143
2086 30.00358
2088 30.20144
2090 29.32130
2092 28.61957
2094 29.13091
2096 29.52920
2098 29.85348
2100 30.17647
2102 30.42804
2104 30.73704
2106 30.65428
2108 29.98881
2110 29.98502
2112 29.66541
2114 29.04906
2116 29.48485
2118 29.33080
2120 29.34351
2122 31.08429
2124 30.41923
2126 30.23552
2128 30.67830
2130 30.78599
2132 30.83984
2134 31.24706
2136 31.12205
2138 30.81818
2140 30.01191
2142 30.65737
2144 30.42000
2146 29.82731
2148 30.16532
2150 29.63563
2152 30.03252
2154 30.49388
2156 30.48771
2158 30.80659
2160 31.10744
2162 30.61826
2164 29.98750
2166 29.50209
2168 29.17227
2170 28.01266
2172 28.04661
2174 28.34468
2176 28.91880
2178 29.11159
2180 29.98276
2182 30.88745
2184 30.85652
2186 30.49782
2188 30.61842
2190 29.95154
2192 30.59292
2194 30.35111
2196 31.65178
2198 31.43049
2200 31.33784
2202 31.65611
2204 31.15909
2206 30.83562
2208 31.65596
2210 30.94009
2212 30.93518
2214 31.41395
2216 32.04206
2218 32.35211
2220 32.52359
2222 31.49763
2224 31.74286
2226 31.18182
2228 30.71635
2230 30.49759
2232 29.76699
2234 29.90244
2236 29.91176
2238 29.77833
2240 29.55941
2242 29.19901
2244 30.84500
2246 31.11055
2248 29.84848
2250 30.05076
2252 30.34694
2254 30.45128
2256 30.48969
2258 31.52332
2260 31.75521
2262 30.94764
2264 29.78421
2266 29.12169
2268 30.13298
2270 30.50267
2272 30.56452
2274 31.12973
2276 31.88043
2278 30.57377
2280 30.33517
2282 30.38122
2284 30.70000
2286 30.91620
2288 30.60112
2290 29.87571
2292 29.56250
2294 29.24571
2296 30.82184
2298 31.49711
2300 30.83140
2302 31.06433
2304 29.94118
2306 29.81065
2308 29.70238
2310 30.44910
2312 30.16867
2314 30.46667
2316 30.97561
2318 31.01227
2320 30.83333
2322 30.96273
2324 32.51250
2326 34.04403
2328 33.99367
2330 33.33121
2332 33.17949
2334 32.85161
2336 32.08442
2338 31.73203
2340 32.64474
2342 33.00662
2344 33.82000
2346 33.49664
2348 32.58784
2350 31.04082
2352 29.81507
2354 28.59310
2356 29.10417
2358 28.54545
2360 27.68310
2362 27.41135
2364 26.89286
2366 26.55396
2368 26.78986
2370 26.16058
2372 26.64706
2374 26.57778
2376 28.32090
2378 29.31579
2380 29.39394
2382 29.09160
2384 29.00769
2386 29.42636
2388 29.26562
2390 29.78740
2392 31.06349
2394 32.99200
2396 33.22581
2398 32.85366
2400 31.90164
2402 31.19008
2404 30.36667
2406 29.69748
2408 30.66949
2410 31.82051
2412 32.11207
2414 30.98261
2416 30.28947
2418 30.45133
2420 32.35714
2422 32.06306
2424 31.69091
2426 29.79816
2428 29.64815
2430 30.10280
2432 29.91509
2434 29.47619
2436 29.76923
2438 31.87379
2440 33.79412
2442 33.69307
2444 32.44000
2446 32.35353
2448 32.43877
2450 32.85567
2452 32.59375
2454 31.96842
2456 32.31915
2458 30.91398
2460 32.28261
2462 32.08791
2464 32.74445
2466 33.89888
2468 34.78409
2470 36.65517
2472 36.98837
2474 35.24706
2476 34.73809
2478 34.50602
2480 34.26829
2482 33.61728
2484 32.01250
2486 31.15190
2488 31.12820
2490 31.90909
2492 33.67105
2494 33.80000
2496 33.62162
2498 34.12329
2500 34.77778
2502 35.19718
2504 34.91429
2506 35.08696
2508 35.38235
2510 34.79105
