-5912 29.71642
-5910 30.54412
-5908 33.01449
-5906 33.74286
-5904 34.02817
-5902 32.09722
-5900 32.63014
-5898 31.74324
-5896 30.93333
-5894 30.03947
-5892 31.41558
-5890 32.05128
-5888 31.84810
-5886 30.90000
-5884 30.08642
-5882 30.87805
-5880 31.45783
-5878 32.75000
-5876 31.75294
-5874 32.02325
-5872 32.41379
-5870 32.09091
-5868 32.28090
-5866 32.54445
-5864 32.89011
-5862 32.82609
-5860 32.18280
-5858 32.30851
-5856 33.47368
-5854 33.23958
-5852 33.59794
-5850 32.15306
-5848 32.77778
-5846 33.96000
-5844 33.14851
-5842 34.05882
-5840 33.44660
-5838 34.22115
-5836 34.26667
-5834 33.98113
-5832 33.57010
-5830 34.45370
-5828 34.64220
-5826 34.07273
-5824 33.66667
-5822 33.07143
-5820 33.65487
-5818 32.68421
-5816 33.64348
-5814 33.68103
-5812 33.31624
-5810 33.21186
-5808 32.41177
-5806 32.69167
-5804 32.47107
-5802 31.87705
-5800 31.44715
-5798 31.65322
-5796 31.71200
-5794 32.18254
-5792 31.96063
-5790 32.32031
-5788 31.95349
-5786 32.09231
-5784 31.69466
-5782 31.28030
-5780 31.12782
-5778 31.66418
-5776 31.74815
-5774 31.27941
-5772 31.83212
-5770 31.03623
-5768 31.12230
-5766 32.12857
-5764 31.86525
-5762 32.18310
-5760 32.47552
-5758 32.18750
-5756 32.13793
-5754 31.69178
-5752 30.77551
-5750 31.91892
-5748 32.48993
-5746 31.88000
-5744 32.25828
-5742 32.84868
-5740 32.56863
-5738 31.57143
-5736 31.05807
-5734 31.46795
-5732 32.48408
-5730 32.36076
-5728 31.79245
-5726 31.67500
-5724 31.65838
-5722 31.45679
-5720 31.05521
-5718 30.84146
-5716 30.15758
-5714 31.40964
-5712 31.29341
-5710 31.21428
-5708 31.33136
-5706 30.81765
-5704 31.08772
-5702 30.27907
-5700 31.15029
-5698 30.63218
-5696 29.86857
-5694 29.71023
-5692 30.02260
-5690 29.64607
-5688 29.97207
-5686 30.37778
-5684 30.01657
-5682 29.15934
-5680 29.03279
-5678 30.00000
-5676 29.95676
-5674 29.98387
-5672 30.00000
-5670 29.46277
-5668 29.38095
-5666 28.97895
-5664 28.16230
-5662 30.12500
-5660 29.09326
-5658 30.04124
-5656 29.67692
-5654 30.19898
-5652 30.20812
-5650 30.26768
-5648 29.03518
-5646 28.75000
-5644 29.08458
-5642 28.91584
-5640 28.46798
-5638 28.65686
-5636 28.90244
-5634 29.27670
-5632 28.80676
-5630 29.50000
-5628 29.14832
-5626 28.65714
-5624 29.36493
-5622 29.46698
-5620 28.82160
-5618 29.50935
-5616 28.87442
-5614 29.18982
-5612 29.58525
-5610 30.32110
-5608 29.60274
-5606 29.24091
-5604 29.85520
-5602 29.72072
-5600 30.35874
-5598 29.70536
-5596 29.73778
-5594 30.02212
-5592 30.66079
-5590 30.54825
-5588 30.57642
-5586 31.33043
-5584 30.86147
-5582 31.56897
-5580 31.29185
-5578 30.76496
-5576 30.44681
-5574 30.77966
-5572 31.37975
-5570 31.13865
-5568 31.29289
-5566 31.00833
-5564 31.47303
-5562 31.08265
-5560 31.14403
-5558 31.81967
-5556 32.00408
-5554 31.41870
-5552 31.46964
-5550 31.52822
-5548 31.99197
-5546 31.90400
-5544 32.18725
-5542 32.39286
-5540 32.61265
-5538 32.00787
-5536 31.37255
-5534 31.72656
-5532 32.44358
-5530 31.93023
-5528 31.81081
-5526 31.51154
-5524 32.21073
-5522 32.66794
-5520 32.71103
-5518 32.06818
-5516 32.03773
-5514 33.04136
-5512 33.14607
-5510 33.17164
-5508 32.90706
-5506 32.18148
-5504 32.13284
-5502 31.14338
-5500 32.01831
-5498 32.43796
-5496 32.53091
-5494 33.21377
-5492 32.22021
-5490 31.69424
-5488 31.54839
-5486 31.71071
-5484 32.09253
-5482 32.49291
-5480 31.98233
-5478 32.35211
-5476 32.28772
-5474 31.44755
-5472 31.68293
-5470 32.10069
-5468 33.01384
-5466 32.10000
-5464 31.53265
-5462 32.41096
-5460 32.59727
-5458 32.36735
-5456 31.97288
-5454 31.84459
-5452 31.35017
-5450 31.92282
-5448 32.19398
-5446 32.49000
-5444 32.86711
-5442 32.35099
-5440 32.17492
-5438 32.42763
-5436 32.43279
-5434 31.61111
-5432 32.23779
-5430 31.93831
-5428 32.22654
-5426 32.27419
-5424 31.33441
-5422 31.27564
-5420 30.96805
-5418 31.92038
-5416 31.56508
-5414 31.81646
-5412 32.18927
-5410 32.27359
-5408 32.49216
-5406 32.58125
-5404 32.37695
-5402 32.62112
-5400 32.07430
-5398 32.35802
-5396 32.79692
-5394 32.23313
-5392 32.78593
-5390 32.76829
-5388 33.03647
-5386 32.85455
-5384 33.29607
-5382 33.13554
-5380 33.16817
-5378 33.02395
-5376 32.63582
-5374 33.71726
-5372 33.28487
-5370 33.25148
-5368 33.38643
-5366 33.24412
-5364 33.30499
-5362 33.89474
-5360 33.39359
-5358 32.34884
-5356 31.69855
-5354 32.03757
-5352 32.28242
-5350 32.13218
-5348 31.95702
-5346 32.54857
-5344 32.29060
-5342 32.38352
-5340 32.68839
-5338 32.81073
-5336 32.76901
-5334 31.96348
-5332 31.36975
-5330 31.81844
-5328 32.72702
-5326 32.33333
-5324 33.05263
-5322 33.06906
-5320 33.05510
-5318 32.62912
-5316 32.43562
-5314 32.98361
-5312 32.90191
-5310 32.92391
-5308 33.02168
-5306 33.96757
-5304 34.10512
-5302 32.95430
-5300 32.45040
-5298 32.79412
-5296 33.18400
-5294 32.93351
-5292 32.62600
-5290 32.75397
-5288 34.05277
-5286 33.51842
-5284 33.18373
-5282 33.33246
-5280 32.57180
-5278 33.32552
-5276 33.46234
-5274 33.65026
-5272 33.45478
-5270 32.92010
-5268 32.42159
-5266 33.07436
-5264 33.17647
-5262 32.28061
-5260 32.08142
-5258 32.01015
-5256 33.10380
-5254 33.16162
-5252 33.58690
-5250 33.55527
-5248 33.15539
-5246 33.79500
-5244 33.44888
-5242 33.02985
-5240 33.06452
-5238 33.78465
-5236 33.06420
-5234 32.26601
-5232 31.91892
-5230 31.98039
-5228 33.17360
-5226 33.84390
-5224 33.42336
-5222 32.87379
-5220 33.03874
-5218 32.71014
-5216 32.97108
-5214 33.16587
-5212 33.22782
-5210 33.83493
-5208 33.80429
-5206 33.77857
-5204 33.69596
-5202 34.07109
-5200 34.13475
-5198 34.18868
-5196 34.04470
-5194 34.15258
-5192 34.04684
-5190 34.31075
-5188 33.69464
-5186 34.16744
-5184 34.01160
-5182 34.14815
-5180 34.57044
-5178 34.10369
-5176 34.31954
-5174 34.37156
-5172 34.05721
-5170 33.79680
-5168 33.71754
-5166 33.77954
-5164 33.81633
-5162 33.69910
-5160 34.24605
-5158 34.44595
-5156 34.02697
-5154 33.60090
-5152 33.42058
-5150 33.53794
-5148 33.55679
-5146 33.89556
-5144 33.16851
-5142 33.02876
-5140 33.37086
-5138 33.35903
-5136 33.38022
-5134 33.91009
-5132 34.33260
-5130 35.16594
-5128 34.91721
-5126 34.45000
-5124 34.75922
-5122 34.84199
-5120 34.17926
-5118 33.77371
-5116 34.17635
-5114 34.72318
-5112 34.39614
-5110 34.61111
-5108 33.39872
-5106 33.57234
-5104 33.61996
-5102 33.55508
-5100 33.43552
-5098 33.65612
-5096 33.95789
-5094 33.46008
-5092 33.13836
-5090 33.73222
-5088 33.58455
-5086 33.52917
-5084 33.81289
-5082 32.65975
-5080 32.70186
-5078 33.15496
-5076 33.42680
-5074 33.00206
-5072 33.56879
-5070 33.93443
-5068 33.28221
-5066 33.66327
-5064 33.44399
-5062 33.47968
-5060 33.73225
-5058 33.36640
-5056 33.09293
-5054 33.86694
-5052 33.96177
-5050 33.49398
-5048 33.76353
-5046 33.72800
-5044 33.32535
-5042 33.66932
-5040 33.36581
-5038 33.71429
-5036 34.15247
-5034 34.32806
-5032 34.09665
-5030 33.39960
-5028 33.81139
-5026 34.31961
-5024 33.94129
-5022 34.38281
-5020 33.98051
-5018 33.75097
-5016 34.07961
-5014 34.39147
-5012 34.45068
-5010 34.61197
-5008 34.45087
-5006 34.47308
-5004 34.45873
-5002 33.48276
-5000 33.55449
-4998 33.98092
-4996 34.64190
-4994 35.27186
-4992 34.96205
-4990 34.66856
-4988 34.56333
-4986 34.71132
-4984 35.23729
-4982 35.65226
-4980 35.13133
-4978 35.05056
-4976 34.81121
-4974 34.26866
-4972 33.23464
-4970 33.28996
-4968 33.58442
-4966 33.55741
-4964 34.53050
-4962 34.46494
-4960 34.15285
-4958 33.71507
-4956 33.60734
-4954 33.69414
-4952 34.28519
-4950 34.54380
-4948 34.10565
-4946 33.71455
-4944 33.61887
-4942 33.81522
-4940 34.54250
-4938 33.74188
-4936 33.18919
-4934 33.52338
-4932 33.62298
-4930 33.42831
-4928 32.87120
-4926 33.18036
-4924 33.50446
-4922 33.33452
-4920 33.58970
-4918 33.23227
-4916 34.07257
-4914 33.92226
-4912 34.19577
-4910 33.99648
-4908 33.49385
-4906 33.81053
-4904 34.62872
-4902 34.45280
-4900 34.39965
-4898 34.45819
-4896 34.11304
-4894 34.27778
-4892 33.54766
-4890 33.44464
-4888 33.15717
-4886 33.53276
-4884 32.77969
-4882 33.33849
-4880 33.25901
-4878 32.44692
-4876 32.09914
-4874 32.88055
-4872 32.73935
-4870 33.02721
-4868 33.13752
-4866 33.26610
-4864 33.13198
-4862 33.78547
-4860 33.16863
-4858 33.35017
-4856 32.98992
-4854 33.22148
-4852 33.42211
-4850 33.52509
-4848 33.76294
-4846 33.39167
-4844 33.47754
-4842 33.18771
-4840 33.05473
-4838 33.12583
-4836 33.52727
-4834 33.53960
-4832 33.33608
-4830 32.86678
-4828 33.54680
-4826 33.72787
-4824 33.65957
-4822 33.38235
-4820 33.43719
-4818 33.08143
-4816 32.69593
-4814 32.08604
-4812 32.23014
-4810 32.12136
-4808 32.49273
-4806 32.86290
-4804 32.68921
-4802 32.99357
-4800 32.81220
-4798 32.48237
-4796 32.72640
-4794 32.91693
-4792 33.63158
-4790 33.71178
-4788 33.43720
-4786 33.23651
-4784 32.86846
-4782 32.64241
-4780 32.79463
-4778 32.10252
-4776 32.39370
-4774 32.27987
-4772 32.86499
-4770 32.84639
-4768 33.20501
-4766 33.65781
-4764 32.97660
-4762 32.82710
-4760 33.27372
-4758 33.22515
-4756 33.40775
-4754 33.40867
-4752 33.32303
-4750 32.65123
-4748 32.87827
-4746 32.92461
-4744 32.97081
-4742 32.80675
-4740 32.49923
-4738 33.14679
-4736 33.00153
-4734 33.01524
-4732 32.97260
-4730 33.18693
-4728 32.99696
-4726 32.84697
-4724 33.67474
-4722 33.40483
-4720 32.95927
-4718 33.69127
-4716 32.61504
-4714 32.55706
-4712 32.90405
-4710 32.68563
-4708 32.85800
-4706 32.53134
-4704 32.90760
-4702 32.88542
-4700 32.79495
-4698 33.30119
-4696 33.22371
-4694 33.14497
-4692 32.50074
-4690 32.85841
-4688 32.92342
-4686 33.64559
-4684 33.18355
-4682 32.84457
-4680 33.18594
-4678 32.74561
-4676 33.35183
-4674 33.31341
-4672 32.92140
-4670 33.23692
-4668 32.72279
-4666 32.37536
-4664 32.15774
-4662 31.92486
-4660 32.62337
-4658 32.60951
-4656 33.30072
-4654 33.20259
-4652 33.46915
-4650 33.69627
-4648 33.61087
-4646 32.87857
-4644 32.75035
-4642 32.53561
-4640 32.95448
-4638 33.08097
-4636 33.39149
-4634 32.86686
-4632 33.05658
-4630 33.17090
-4628 32.84203
-4626 32.80563
-4624 33.32489
-4622 32.74298
-4620 33.25666
-4618 33.10925
-4616 32.36643
-4614 32.69134
-4612 33.63738
-4610 33.48050
-4608 33.69541
-4606 33.47917
-4604 33.54230
-4602 32.77701
-4600 32.39696
-4598 32.24448
-4596 32.67724
-4594 33.18320
-4592 32.62449
-4590 33.15934
-4588 34.26475
-4586 33.80548
-4584 32.95896
-4582 32.97131
-4580 33.21828
-4578 33.42507
-4576 34.13334
-4574 33.14674
-4572 32.84125
-4570 32.89837
-4568 33.09202
-4566 32.91081
-4564 33.19703
-4562 33.19811
-4560 33.31359
-4558 33.74866
-4556 33.27919
-4554 33.32976
-4552 33.44043
-4550 33.82754
-4548 33.70895
-4546 33.43733
-4544 33.04128
-4542 33.79122
-4540 33.26561
-4538 33.55703
-4536 33.19868
-4534 33.84127
-4532 33.79657
-4530 33.51188
-4528 33.52042
-4526 33.79868
-4524 33.18003
-4522 33.50525
-4520 32.80734
-4518 33.06544
-4516 32.55556
-4514 32.15666
-4512 32.26597
-4510 32.77734
-4508 32.88947
-4506 33.26104
-4504 32.69780
-4502 32.72150
-4500 32.62096
-4498 33.03101
-4496 33.65290
-4494 33.17268
-4492 33.77220
-4490 33.97815
-4488 33.66624
-4486 33.36154
-4484 33.29065
-4482 33.05371
-4480 33.13410
-4478 33.06760
-4476 33.25223
-4474 33.56234
-4472 33.41042
-4470 33.36802
-4468 33.18378
-4466 33.16203
-4464 33.79393
-4462 33.68308
-4460 33.25221
-4458 33.49244
-4456 33.11446
-4454 33.30653
-4452 33.20075
-4450 32.83459
-4448 32.38423
-4446 32.76875
-4444 32.72285
-4442 33.14713
-4440 33.40100
-4438 33.07214
-4436 32.87702
-4434 32.39702
-4432 32.41512
-4430 33.24134
-4428 32.73919
-4426 33.33333
-4424 32.55610
-4422 32.92241
-4420 33.10209
-4418 33.20024
-4416 33.38037
-4414 33.06250
-4412 33.02081
-4410 32.93888
-4408 33.33822
-4406 32.95488
-4404 33.24969
-4402 32.72020
-4400 32.19198
-4398 32.40291
-4396 32.65697
-4394 33.51332
-4392 33.54535
-4390 33.53261
-4388 33.00965
-4386 32.34097
-4384 32.53309
-4382 32.49399
-4380 32.66386
-4378 32.25779
-4376 33.11737
-4374 32.51555
-4372 33.08602
-4370 33.50477
-4368 33.41121
-4366 33.33214
-4364 33.54340
-4362 33.84442
-4360 33.33926
-4358 32.81872
-4356 32.67456
-4354 32.93972
-4352 33.92680
-4350 33.69693
-4348 33.00236
-4346 33.54588
-4344 33.59459
-4342 33.41667
-4340 33.46190
-4338 33.33841
-4336 33.25497
-4334 32.93458
-4332 32.47958
-4330 32.67249
-4328 33.27357
-4326 33.62674
-4324 33.81185
-4322 33.11021
-4320 32.81460
-4318 32.39120
-4316 33.02428
-4314 33.13164
-4312 33.34833
-4310 32.28111
-4308 32.26698
-4306 32.46552
-4304 32.91963
-4302 32.82225
-4300 32.58878
-4298 32.08352
-4296 32.18857
-4294 32.75799
-4292 33.19498
-4290 33.52961
-4288 33.35040
-4286 33.47841
-4284 32.78547
-4282 32.83673
-4280 32.67950
-4278 33.49208
-4276 33.51525
-4274 33.04176
-4272 32.66967
-4270 32.04842
-4268 32.98650
-4266 32.95393
-4264 32.69473
-4262 32.73543
-4260 32.00112
-4258 31.92394
-4256 32.02346
-4254 31.80803
-4252 31.87514
-4250 32.19711
-4248 32.39933
-4246 32.66222
-4244 32.35738
-4242 32.05543
-4240 32.17719
-4238 32.27544
-4236 32.07514
-4234 32.20750
-4232 32.03308
-4230 32.59031
-4228 32.68317
-4226 32.69450
-4224 33.11416
-4222 33.20066
-4220 32.51698
-4218 31.95514
-4216 32.05902
-4214 32.19651
-4212 31.92476
-4210 32.36710
-4208 31.91730
-4206 31.78261
-4204 32.65147
-4202 33.02820
-4200 33.33153
-4198 33.13312
-4196 32.97730
-4194 32.27754
-4192 31.66882
-4190 32.00108
-4188 31.75027
-4186 32.43548
-4184 33.02256
-4182 32.76609
-4180 32.97321
-4178 32.84368
-4176 32.78931
-4174 32.42949
-4172 32.45464
-4170 32.18124
-4168 32.33333
-4166 32.20213
-4164 32.60892
-4162 32.57856
-4160 32.53447
-4158 32.21928
-4156 32.45714
-4154 32.58879
-4152 32.48469
-4150 31.93354
-4148 32.23393
-4146 32.65789
-4144 32.33333
-4142 31.82773
-4140 31.76495
-4138 32.18658
-4136 32.31414
-4134 32.39017
-4132 32.64995
-4130 32.41232
-4128 32.46298
-4126 32.47292
-4124 32.31425
-4122 32.06861
-4120 32.61578
-4118 32.71162
-4116 32.68497
-4114 32.96894
-4112 32.36918
-4110 32.42149
-4108 32.38493
-4106 32.47319
-4104 32.81050
-4102 32.56687
-4100 33.20452
-4098 32.31622
-4096 32.42154
-4094 32.97541
-4092 32.97646
-4090 32.90388
-4088 32.50868
-4086 32.48775
-4084 32.24057
-4082 32.44196
-4080 32.26246
-4078 32.34349
-4076 32.59898
-4074 32.52738
-4072 33.27761
-4070 32.51316
-4068 32.79373
-4066 32.42828
-4064 31.89909
-4062 32.02722
-4060 32.48741
-4058 32.45774
-4056 32.49246
-4054 32.82631
-4052 33.17753
-4050 32.56713
-4048 32.55055
-4046 32.73400
-4044 32.48652
-4042 32.08483
-4040 31.76471
-4038 32.16434
-4036 32.65871
-4034 32.90457
-4032 32.44489
-4030 31.70734
-4028 31.98117
-4026 31.88119
-4024 32.25816
-4022 32.14624
-4020 32.37414
-4018 32.04241
-4016 32.27882
-4014 32.09350
-4012 32.02753
-4010 32.53340
-4008 32.17272
-4006 31.87157
-4004 32.53575
-4002 32.78180
-4000 32.53470
-3998 32.23535
-3996 32.10244
-3994 32.32943
-3992 32.60370
-3990 32.89689
-3988 32.99709
-3986 33.01651
-3984 32.80892
-3982 32.72190
-3980 32.74056
-3978 32.80077
-3976 32.71208
-3974 32.81371
-3972 32.70106
-3970 33.11946
-3968 32.49952
-3966 32.62500
-3964 32.93084
-3962 32.52591
-3960 32.28667
-3958 32.20306
-3956 32.34067
-3954 32.26864
-3952 32.07641
-3950 32.35019
-3948 32.41182
-3946 32.58381
-3944 32.76689
-3942 32.85551
-3940 32.91738
-3938 32.74668
-3936 32.49479
-3934 32.31155
-3932 32.07380
-3930 31.83554
-3928 32.01889
-3926 32.16604
-3924 32.09237
-3922 32.16008
-3920 32.88993
-3918 33.03196
-3916 33.05540
-3914 32.81801
-3912 32.65042
-3910 32.78745
-3908 32.60337
-3906 32.31963
-3904 32.32586
-3902 32.11660
-3900 32.37931
-3898 32.64618
-3896 32.67163
-3894 32.01115
-3892 31.96100
-3890 32.40074
-3888 32.59314
-3886 31.66204
-3884 32.07956
-3882 32.11460
-3880 32.39705
-3878 32.15498
-3876 32.33641
-3874 32.29005
-3872 32.21251
-3870 32.82077
-3868 32.86042
-3866 32.73486
-3864 32.44546
-3862 32.50641
-3860 33.17017
-3858 32.42687
-3856 32.55069
-3854 32.27098
-3852 32.50137
-3850 32.39162
-3848 32.33303
-3846 32.37000
-3844 31.94732
-3842 32.44464
-3840 32.25385
-3838 32.05254
-3836 32.06606
-3834 31.89240
-3832 32.02981
-3830 32.37906
-3828 32.39134
-3826 32.32703
-3824 32.68677
-3822 32.34533
-3820 32.18329
-3818 32.11041
-3816 31.87713
-3814 31.83244
-3812 31.96956
-3810 31.40161
-3808 31.75425
-3806 32.08125
-3804 32.00981
-3802 31.77273
-3800 31.52983
-3798 31.57740
-3796 31.90667
-3794 32.01066
-3792 31.97782
-3790 32.31383
-3788 31.87068
-3786 31.53097
-3784 30.86207
-3782 31.39046
-3780 31.91792
-3778 32.39506
-3776 32.42819
-3774 32.25528
-3772 31.74318
-3770 31.78910
-3768 31.46005
-3766 31.93860
-3764 32.00000
-3762 32.05692
-3760 31.48819
-3758 31.75612
-3756 32.15546
-3754 32.00523
-3752 31.91107
-3750 32.22387
-3748 32.05918
-3746 31.93478
-3744 32.29018
-3742 32.38976
-3740 32.27320
-3738 32.10139
-3736 31.67186
-3734 31.61419
-3732 32.14088
-3730 32.17099
-3728 32.11821
-3726 32.62845
-3724 31.94057
-3722 32.03098
-3720 31.70421
-3718 31.47509
-3716 31.28326
-3714 31.90137
-3712 31.90746
-3710 31.77997
-3708 31.90847
-3706 32.60684
-3704 32.36977
-3702 32.12713
-3700 32.47911
-3698 32.66525
-3696 32.72425
-3694 33.03231
-3692 32.46474
-3690 32.46689
-3688 32.26972
-3686 32.10508
-3684 32.33700
-3682 32.29696
-3680 31.84446
-3678 32.26098
-3676 31.98987
-3674 31.90725
-3672 31.75316
-3670 31.78367
-3668 31.89907
-3666 32.11513
-3664 31.99412
-3662 32.20554
-3660 31.99665
-3658 32.53266
-3656 32.20670
-3654 32.34532
-3652 32.60485
-3650 32.23539
-3648 32.27856
-3646 32.49500
-3644 32.72689
-3642 32.55408
-3640 32.30923
-3638 32.38621
-3636 32.59087
-3634 32.33665
-3632 32.44490
-3630 32.59106
-3628 32.01406
-3626 31.42727
-3624 31.87036
-3622 31.44884
-3620 32.13602
-3618 32.23229
-3616 31.78683
-3614 32.10033
-3612 31.88743
-3610 32.15845
-3608 32.32404
-3606 32.33525
-3604 32.42670
-3602 32.21767
-3600 32.04579
-3598 31.89297
-3596 32.68653
-3594 32.47635
-3592 32.45232
-3590 32.64414
-3588 32.11880
-3586 32.24390
-3584 32.46629
-3582 32.41721
-3580 32.31711
-3578 32.54214
-3576 32.18138
-3574 32.19337
-3572 32.23444
-3570 31.57755
-3568 31.61420
-3566 31.92903
-3564 31.67123
-3562 31.92190
-3560 32.56074
-3558 32.28215
-3556 32.85542
-3554 32.66934
-3552 32.35124
-3550 31.91987
-3548 31.95837
-3546 32.19360
-3544 31.86171
-3542 31.73802
-3540 31.68715
-3538 31.75120
-3536 31.76972
-3534 32.16879
-3532 32.39539
-3530 32.45549
-3528 32.44638
-3526 32.15714
-3524 32.02538
-3522 31.52139
-3520 31.57720
-3518 32.17643
-3516 32.00949
-3514 32.28673
-3512 32.47672
-3510 32.77602
-3508 32.29630
-3506 32.28740
-3504 32.57592
-3502 32.55032
-3500 32.21838
-3498 32.02747
-3496 32.11843
-3494 32.23041
-3492 32.34299
-3490 32.56025
-3488 32.23847
-3486 32.24922
-3484 31.98673
-3482 31.93604
-3480 31.98831
-3478 32.09346
-3476 32.08949
-3474 32.06688
-3472 32.12587
-3470 32.49301
-3468 32.30489
-3466 32.23721
-3464 32.32920
-3462 32.35449
-3460 32.35421
-3458 32.05796
-3456 32.31429
-3454 32.32870
-3452 32.24518
-3450 32.20955
-3448 31.77444
-3446 31.92615
-3444 32.20984
-3442 32.44470
-3440 32.13124
-3438 32.01457
-3436 32.23065
-3434 32.02680
-3432 31.98011
-3430 32.20260
-3428 31.98625
-3426 31.51069
-3424 31.80397
-3422 32.34146
-3420 32.20564
-3418 31.84627
-3416 32.11939
-3414 31.97568
-3412 32.34245
-3410 32.29590
-3408 31.89462
-3406 31.73106
-3404 31.81302
-3402 31.68457
-3400 31.84115
-3398 32.12405
-3396 32.41679
-3394 31.94932
-3392 31.90393
-3390 31.90923
-3388 31.95310
-3386 31.95613
-3384 31.76248
-3382 31.86536
-3380 31.71256
-3378 32.20575
-3376 31.88048
-3374 31.73071
-3372 31.77156
-3370 31.76399
-3368 31.77610
-3366 31.82829
-3364 31.41755
-3362 31.56051
-3360 31.52799
-3358 31.13313
-3356 31.07110
-3354 31.11195
-3352 31.15431
-3350 31.41301
-3348 31.40923
-3346 31.86309
-3344 31.86460
-3342 31.77988
-3340 31.92436
-3338 31.55673
-3336 31.47958
-3334 31.58396
-3332 31.71709
-3330 31.43041
-3328 31.55522
-3326 31.69894
-3324 31.68835
-3322 31.60136
-3320 31.79123
-3318 31.65204
-3316 31.47277
-3314 31.53631
-3312 30.93646
-3310 31.26021
-3308 31.62859
-3306 31.68684
-3304 31.27307
-3302 31.00000
-3300 31.16717
-3298 31.75340
-3296 31.72844
-3294 31.77458
-3292 31.62481
-3290 31.04917
-3288 31.12103
-3286 31.37443
-3284 31.61573
-3282 31.15885
-3280 30.71104
-3278 30.67020
-3276 30.70121
-3274 30.98563
-3272 30.65961
-3270 30.97352
-3268 30.97352
-3266 30.73828
-3264 30.87292
-3262 31.07262
-3260 31.44100
-3258 31.35855
-3256 31.18003
-3254 31.59077
-3252 31.43570
-3250 31.12330
-3248 31.31921
-3246 31.79879
-3244 31.45613
-3242 31.32148
-3240 31.20499
-3238 31.42965
-3236 31.45537
-3234 31.34645
-3232 31.37595
-3230 31.65809
-3228 31.32980
-3226 31.13540
-3224 31.44781
-3222 31.69440
-3220 31.41906
-3218 31.20045
-3216 31.06127
-3214 31.22769
-3212 31.78744
-3210 31.43873
-3208 31.65355
-3206 31.71483
-3204 31.38048
-3202 31.78669
-3200 31.46974
-3198 31.80711
-3196 31.18760
-3194 31.18306
-3192 30.77307
-3190 30.70953
-3188 31.02042
-3186 31.47731
-3184 31.42436
-3182 31.10061
-3180 31.43797
-3178 31.06883
-3176 30.78896
-3174 30.80560
-3172 30.89259
-3170 30.35325
-3168 30.37443
-3166 30.30711
-3164 30.39637
-3162 30.59834
-3160 31.01967
-3158 30.90620
-3156 31.32451
-3154 31.28366
-3152 30.89107
-3150 31.02118
-3148 30.94251
-3146 30.94024
-3144 31.28517
-3142 31.45613
-3140 31.09834
-3138 31.39864
-3136 31.20348
-3134 31.48260
-3132 31.58623
-3130 31.45159
-3128 31.22390
-3126 31.38275
-3124 31.50454
-3122 31.80484
-3120 31.70877
-3118 31.38502
-3116 31.54841
-3114 31.72920
-3112 31.79425
-3110 31.71104
-3108 31.48109
-3106 31.50605
-3104 31.64902
-3102 31.45083
-3100 31.53480
-3098 31.33434
-3096 31.63918
-3094 31.18911
-3092 31.13540
-3090 30.79501
-3088 30.95537
-3086 31.26626
-3084 31.34342
-3082 31.70424
-3080 31.49471
-3078 31.87973
-3076 31.64750
-3074 31.74584
-3072 31.18835
-3070 31.01437
-3068 31.38427
-3066 31.46823
-3064 31.24357
-3062 31.46974
-3060 32.19062
-3058 31.88654
-3056 31.64070
-3054 31.66263
-3052 31.88654
-3050 31.60741
-3048 32.03631
-3046 31.52421
-3044 31.61649
-3042 31.58548
-3040 31.96066
-3038 31.84266
-3036 31.60287
-3034 31.63162
-3032 31.39410
-3030 31.10061
-3028 31.12103
-3026 31.06354
-3024 30.73071
-3022 31.10741
-3020 30.67095
-3018 30.62632
-3016 30.67095
-3014 31.27307
-3012 31.20726
-3010 31.20424
-3008 31.32905
-3006 31.03101
-3004 30.86838
-3002 30.64826
-3000 30.92511
-2998 30.95386
-2996 30.82980
-2994 31.08926
-2992 30.87897
-2990 31.13011
-2988 31.01286
-2986 31.20197
-2984 31.73147
-2982 31.35401
-2980 31.79576
-2978 31.62784
-2976 31.44403
-2974 31.56732
-2972 31.40318
-2970 31.54009
-2968 31.60439
-2966 31.29803
-2964 30.86989
-2962 30.67247
-2960 30.89939
-2958 30.93343
-2956 30.92890
-2954 30.76399
-2952 30.56430
-2950 30.88956
-2948 30.52194
-2946 30.85174
-2944 31.02421
-2942 30.94100
-2940 31.30408
-2938 30.91225
-2936 31.15129
-2934 31.24281
-2932 30.93949
-2930 30.48185
-2928 30.89032
-2926 30.98260
-2924 31.30106
-2922 31.00151
-2920 30.95310
-2918 30.89788
-2916 30.84266
-2914 30.26626
-2912 30.36687
-2910 30.75492
-2908 31.00605
-2906 31.06051
-2904 31.04690
-2902 30.84418
-2900 30.09607
-2898 30.09455
-2896 30.47504
-2894 30.11119
-2892 29.99546
-2890 30.17322
-2888 30.43646
-2886 30.73525
-2884 30.98260
-2882 30.47958
-2880 31.23903
-2878 30.71483
-2876 30.40318
-2874 30.39486
-2872 30.48865
-2870 30.16944
-2868 30.68684
-2866 30.79955
-2864 31.11952
-2862 31.53631
-2860 31.32678
-2858 30.92284
-2856 30.76172
-2854 30.66490
-2852 30.93117
-2850 31.39561
-2848 31.01967
-2846 30.88956
-2844 30.63464
-2842 30.89183
-2840 30.48487
-2838 30.79803
-2836 30.12481
-2834 29.53101
-2832 29.11498
-2830 29.82300
-2828 30.07716
-2826 29.86838
-2824 29.80257
-2822 30.15204
-2820 30.05068
-2818 30.03177
-2816 30.32300
-2814 30.66641
-2812 30.54690
-2810 30.37897
-2808 30.45840
-2806 30.54387
-2804 30.33283
-2802 30.42965
-2800 30.57110
-2798 30.71861
-2796 30.60817
-2794 30.88124
-2792 30.81619
-2790 30.68986
-2788 30.78669
-2786 30.71634
-2784 30.64826
-2782 30.64448
-2780 30.43192
-2778 30.18986
-2776 30.44629
-2774 30.36233
-2772 30.52118
-2770 30.74357
-2768 30.22239
-2766 30.63843
-2764 30.54463
-2762 30.32526
-2760 30.04160
-2758 30.07791
-2756 30.11271
-2754 30.40620
-2752 30.36006
-2750 30.46142
-2748 30.84947
-2746 30.31014
-2744 29.96899
-2742 29.86233
-2740 30.14826
-2738 30.29047
-2736 30.50756
-2734 30.32905
-2732 30.38881
-2730 30.28215
-2728 30.38427
-2726 30.90998
-2724 30.55219
-2722 31.12784
-2720 30.80408
-2718 30.77231
-2716 30.66717
-2714 30.91377
-2712 30.91831
-2710 30.64297
-2708 30.52723
-2706 30.45159
-2704 30.46445
-2702 30.54236
-2700 30.35552
-2698 30.24584
-2696 29.91755
-2694 30.21029
-2692 30.09077
-2690 30.59758
-2688 30.54160
-2686 31.35401
-2684 30.57943
-2682 30.86914
-2680 30.79879
-2678 31.03707
-2676 30.95461
-2674 30.30257
-2672 29.97806
-2670 30.16868
-2668 30.25567
-2666 30.70650
-2664 30.82829
-2662 30.66793
-2660 30.06732
-2658 30.49546
-2656 30.38729
-2654 30.35098
-2652 30.29350
-2650 30.19894
-2648 29.91755
-2646 30.35250
-2644 30.24433
-2642 30.00908
-2640 29.99471
-2638 30.43192
-2636 29.89486
-2634 29.98865
-2632 30.20348
-2630 30.05824
-2628 30.70802
-2626 30.35401
-2624 30.23601
-2622 30.34796
-2620 30.55673
-2618 30.39259
-2616 30.06883
-2614 29.80938
-2612 29.87746
-2610 30.21256
-2608 30.53631
-2606 30.53404
-2604 30.13011
-2602 30.74887
-2600 30.23071
-2598 30.41074
-2596 29.98185
-2594 29.82073
-2592 29.99924
-2590 30.40091
-2588 30.60741
-2586 30.28442
-2584 30.65204
-2582 31.11725
-2580 30.55144
-2578 31.06883
-2576 31.07867
-2574 30.65658
-2572 30.40242
-2570 30.59531
-2568 30.60212
-2566 30.79198
-2564 30.40620
-2562 30.66566
-2560 30.67398
-2558 30.24433
-2556 30.48563
-2554 30.50832
-2552 30.49395
-2550 30.91831
-2548 30.57110
-2546 30.52042
-2544 30.80635
-2542 30.21558
-2540 30.46672
-2538 30.76702
-2536 30.86233
-2534 30.49546
-2532 30.44705
-2530 30.04690
-2528 30.02723
-2526 30.20802
-2524 30.65582
-2522 30.87897
-2520 31.09002
-2518 30.70575
-2516 30.61422
-2514 30.15431
-2512 30.36082
-2510 30.95386
-2508 30.93570
-2506 30.99395
-2504 30.76702
-2502 30.79652
-2500 30.60968
-2498 30.97958
-2496 30.94478
-2494 31.07110
-2492 30.93343
-2490 30.56051
-2488 30.96974
-2486 31.40696
-2484 31.34191
-2482 30.78139
-2480 31.09455
-2478 30.77610
-2476 30.34645
-2474 30.65658
-2472 31.09002
-2470 30.66188
-2468 30.59834
-2466 30.40620
-2464 30.93873
-2462 30.83510
-2460 30.78593
-2458 30.65582
-2456 30.40998
-2454 30.55295
-2452 30.34115
-2450 30.27988
-2448 30.11876
-2446 30.43646
-2444 30.81165
-2442 30.53858
-2440 30.76399
-2438 30.29803
-2436 30.09909
-2434 30.06883
-2432 30.56278
-2430 30.73374
-2428 30.70575
-2426 30.87973
-2424 30.66188
-2422 30.75189
-2420 30.47655
-2418 30.10061
-2416 30.52118
-2414 30.43949
-2412 30.54917
-2410 30.69818
-2408 30.84493
-2406 30.52648
-2404 30.94478
-2402 30.81619
-2400 30.61649
-2398 30.44403
-2396 30.25870
-2394 30.05597
-2392 29.92890
-2390 30.65507
-2388 30.38200
-2386 30.79501
-2384 30.51513
-2382 30.75719
-2380 30.29350
-2378 29.89788
-2376 30.07413
-2374 30.34039
-2372 30.31846
-2370 30.82073
-2368 30.66112
-2366 30.68608
-2364 31.15507
-2362 30.85779
-2360 30.27988
-2358 30.00227
-2356 30.11800
-2354 30.29047
-2352 30.44403
-2350 30.53177
-2348 30.12708
-2346 29.80938
-2344 30.27156
-2342 30.18306
-2340 30.78744
-2338 30.64221
-2336 30.82451
-2334 30.22542
-2332 30.33964
-2330 30.06127
-2328 30.44629
-2326 30.22844
-2324 30.23903
-2322 30.87519
-2320 30.91074
-2318 31.07337
-2316 30.81921
-2314 30.44705
-2312 29.96142
-2310 30.01437
-2308 30.20424
-2306 30.27912
-2304 30.57564
-2302 30.69516
-2300 30.44554
-2298 30.30938
-2296 30.63389
-2294 30.77610
-2292 30.72088
-2290 30.28669
-2288 30.83888
-2286 30.32678
-2284 30.39410
-2282 30.69592
-2280 30.95461
-2278 30.62179
-2276 30.62405
-2274 30.38578
-2272 30.24962
-2270 30.57035
-2268 30.83510
-2266 30.53555
-2264 30.72693
-2262 30.51891
-2260 30.47277
-2258 30.58396
-2256 30.14826
-2254 30.33283
-2252 30.02572
-2250 30.66717
-2248 30.94705
-2246 30.48638
-2244 30.33586
-2242 29.92587
-2240 30.21785
-2238 30.43646
-2236 29.84039
-2234 30.10968
-2232 29.88805
-2230 30.27610
-2228 30.92814
-2226 30.92360
-2224 30.62784
-2222 30.27383
-2220 30.89410
-2218 30.36233
-2216 30.63086
-2214 30.52042
-2212 31.08775
-2210 30.86611
-2208 30.91604
-2206 30.57035
-2204 30.73828
-2202 30.14448
-2200 30.50076
-2198 30.16112
-2196 30.03328
-2194 30.27988
-2192 30.41755
-2190 30.41452
-2188 30.50681
-2186 30.38200
-2184 30.84039
-2182 30.56127
-2180 30.80333
-2178 30.95083
-2176 30.77156
-2174 30.65280
-2172 30.98336
-2170 30.92133
-2168 30.65129
-2166 30.54690
-2164 30.52648
-2162 30.72466
-2160 30.56657
-2158 31.43041
-2156 30.72390
-2154 30.80787
-2152 30.58926
-2150 30.63616
-2148 30.73071
-2146 30.51891
-2144 30.34796
-2142 30.33132
-2140 30.64750
-2138 30.42663
-2136 30.64372
-2134 30.80787
-2132 30.66263
-2130 30.74887
-2128 30.53631
-2126 30.85401
-2124 30.73676
-2122 30.44781
-2120 30.34947
-2118 30.54312
-2116 30.95840
-2114 31.00529
-2112 31.03631
-2110 30.36687
-2108 30.46974
-2106 30.76626
-2104 30.89032
-2102 30.30787
-2100 30.44554
-2098 30.55371
-2096 30.57337
-2094 30.94024
-2092 30.67474
-2090 30.95461
-2088 30.81543
-2086 30.84266
-2084 30.53707
-2082 31.10439
-2080 30.87670
-2078 30.74887
-2076 30.88427
-2074 30.77383
-2072 30.85552
-2070 30.72239
-2068 30.76324
-2066 30.70424
-2064 30.80787
-2062 31.08472
-2060 31.00378
-2058 31.35250
-2056 31.28139
-2054 31.33661
-2052 30.98336
-2050 31.16339
-2048 31.12179
-2046 31.40923
-2044 31.18835
-2042 31.01513
-2040 31.18760
-2038 31.06732
-2036 31.25567
-2034 30.95613
-2032 31.20045
-2030 31.20045
-2028 31.27307
-2026 31.11271
-2024 30.64977
-2022 30.59002
-2020 30.44327
-2018 30.73676
-2016 30.67776
-2014 30.39561
-2012 30.32375
-2010 30.34493
-2008 30.02950
-2006 30.52572
-2004 30.47352
-2002 30.28669
-2000 30.13540
-1998 30.58472
-1996 30.50000
-1994 30.94327
-1992 30.60893
-1990 30.46596
-1988 30.50227
-1986 30.76324
-1984 30.65734
-1982 30.55068
-1980 30.86309
-1978 31.26399
-1976 30.93722
-1974 30.71785
-1972 30.83812
-1970 31.03934
-1968 30.97882
-1966 30.63011
-1964 30.71180
-1962 30.50908
-1960 30.59682
-1958 30.91831
-1956 30.78064
-1954 31.17095
-1952 30.97352
-1950 30.98033
-1948 30.86989
-1946 30.96596
-1944 30.54236
-1942 30.50151
-1940 30.63011
-1938 30.01210
-1936 30.09455
-1934 30.06657
-1932 30.25870
-1930 30.24433
-1928 30.12481
-1926 29.93873
-1924 30.01815
-1922 29.84796
-1920 30.09607
-1918 30.13918
-1916 30.48790
-1914 30.69970
-1912 30.80560
-1910 31.06581
-1908 31.14372
-1906 31.04312
-1904 30.69818
-1902 30.34342
-1900 30.24887
-1898 30.29501
-1896 30.32300
-1894 31.03328
-1892 30.59682
-1890 30.78593
-1888 30.79350
-1886 30.55446
-1884 30.71634
-1882 30.60439
-1880 30.95386
-1878 30.23222
-1876 30.36762
-1874 30.44629
-1872 30.40545
-1870 30.54085
-1868 30.84947
-1866 30.92209
-1864 30.58094
-1862 30.66414
-1860 31.07110
-1858 31.19213
-1856 30.91982
-1854 30.87292
-1852 30.97050
-1850 31.18079
-1848 30.82451
-1846 30.45461
-1844 30.51362
-1842 30.29879
-1840 30.56278
-1838 30.46747
-1836 30.61044
-1834 30.61800
-1832 30.74811
-1830 30.36838
-1828 30.41755
-1826 30.10061
-1824 30.46293
-1822 30.46369
-1820 30.41906
-1818 30.89259
-1816 30.67398
-1814 30.29274
-1812 30.12103
-1810 30.21861
-1808 30.52950
-1806 30.49017
-1804 30.36989
-1802 30.55144
-1800 30.25265
-1798 29.91755
-1796 30.30635
-1794 30.37670
-1792 30.56354
-1790 30.69818
-1788 30.41906
-1786 30.40923
-1784 30.43041
-1782 30.51967
-1780 30.64977
-1778 30.43646
-1776 30.32678
-1774 29.95234
-1772 30.25794
-1770 30.78744
-1768 30.62632
-1766 30.48941
-1764 30.44176
-1762 30.13994
-1760 30.18986
-1758 30.06732
-1756 30.05446
-1754 30.41755
-1752 30.25945
-1750 30.15129
-1748 30.22920
-1746 29.95386
-1744 30.14372
-1742 30.23601
-1740 30.22995
-1738 29.71483
-1736 29.71634
-1734 29.92587
-1732 29.70575
-1730 29.66263
-1728 30.09002
-1726 30.16490
-1724 30.27761
-1722 29.86536
-1720 29.90091
-1718 29.56808
-1716 29.43646
-1714 30.07186
-1712 30.06051
-1710 30.18684
-1708 30.52496
-1706 30.55673
-1704 30.47428
-1702 30.08548
-1700 29.91074
-1698 29.96974
-1696 30.28366
-1694 30.40242
-1692 30.01286
-1690 30.15582
-1688 30.47126
-1686 30.20499
-1684 30.18003
-1682 29.99849
-1680 30.09607
-1678 30.45915
-1676 30.40696
-1674 30.06808
-1672 30.27837
-1670 30.16036
-1668 30.72617
-1666 31.10741
-1664 31.16641
-1662 30.63616
-1660 30.91831
-1658 31.04085
-1656 31.01513
-1654 30.58775
-1652 30.73147
-1650 31.03026
-1648 30.87519
-1646 30.62103
-1644 30.76853
-1642 30.32148
-1640 30.59455
-1638 30.31846
-1636 30.78139
-1634 31.42436
-1632 31.03177
-1630 31.10514
-1628 31.21104
-1626 31.24357
-1624 30.78215
-1622 30.45915
-1620 31.07262
-1618 31.35779
-1616 31.56051
-1614 31.84266
-1612 31.28744
-1610 31.37670
-1608 31.25416
-1606 31.52345
-1604 31.23676
-1602 31.21104
-1600 31.06127
-1598 31.17700
-1596 31.25719
-1594 31.25265
-1592 31.03555
-1590 30.85250
-1588 30.93192
-1586 30.93117
-1584 30.61119
-1582 30.98185
-1580 31.09834
-1578 31.01513
-1576 31.35476
-1574 31.16263
-1572 30.79652
-1570 30.50529
-1568 30.93419
-1566 30.61119
-1564 30.70953
-1562 30.95083
-1560 30.78442
-1558 30.60287
-1556 30.20726
-1554 30.35174
-1552 30.59531
-1550 30.76702
-1548 31.01664
-1546 30.84947
-1544 30.66036
-1542 31.30938
-1540 30.56505
-1538 30.35325
-1536 30.71256
-1534 30.58850
-1532 30.39788
-1530 30.60136
-1528 30.54992
-1526 30.28744
-1524 30.66188
-1522 30.72920
-1520 30.63086
-1518 30.66263
-1516 30.34796
-1514 30.34947
-1512 30.64070
-1510 30.52118
-1508 30.72012
-1506 31.22466
-1504 31.03253
-1502 31.08472
-1500 30.90771
-1498 31.14145
-1496 31.06808
-1494 30.72617
-1492 30.70802
-1490 30.74281
-1488 30.35401
-1486 30.51891
-1484 30.52723
-1482 30.54539
-1480 30.20424
-1478 30.57791
-1476 30.52874
-1474 30.72693
-1472 30.59607
-1470 30.70877
-1468 30.65507
-1466 30.42057
-1464 30.26702
-1462 30.41528
-1460 30.53404
-1458 31.24660
-1456 30.94856
-1454 30.63616
-1452 30.63691
-1450 30.76475
-1448 31.01362
-1446 30.76778
-1444 30.44251
-1442 30.56883
-1440 30.61346
-1438 30.85628
-1436 30.98033
-1434 31.00529
-1432 31.15734
-1430 30.63918
-1428 30.23071
-1426 30.31316
-1424 30.54463
-1422 30.33510
-1420 30.17247
-1418 30.34342
-1416 30.59834
-1414 30.76626
-1412 30.63918
-1410 30.60439
-1408 30.39486
-1406 30.39410
-1404 30.43873
-1402 30.31770
-1400 30.64297
-1398 30.28744
-1396 30.58094
-1394 30.98714
-1392 30.66339
-1390 30.64070
-1388 30.84418
-1386 30.94176
-1384 30.78215
-1382 30.54387
-1380 30.56657
-1378 30.88881
-1376 30.23752
-1374 30.68154
-1372 30.50605
-1370 30.77685
-1368 31.02496
-1366 30.48714
-1364 30.73601
-1362 30.99168
-1360 30.39259
-1358 30.78517
-1356 31.04387
-1354 30.80787
-1352 30.27458
-1350 30.45764
-1348 30.86309
-1346 31.16868
-1344 31.55219
-1342 31.40015
-1340 30.62935
-1338 31.18154
-1336 31.07943
-1334 31.48185
-1332 31.35174
-1330 31.20953
-1328 30.83812
-1326 30.88200
-1324 30.90696
-1322 31.58321
-1320 31.34342
-1318 31.36611
-1316 31.46520
-1314 31.51891
-1312 31.20802
-1310 31.07564
-1308 30.99697
-1306 30.59229
-1304 30.21861
-1302 30.10363
-1300 30.75265
-1298 30.48487
-1296 31.14826
-1294 31.13011
-1292 30.77837
-1290 30.90545
-1288 30.50605
-1286 30.60590
-1284 30.72844
-1282 30.86838
-1280 31.36157
-1278 31.10666
-1276 31.33964
-1274 30.86838
-1272 30.88956
-1270 31.00605
-1268 30.74055
-1266 31.10741
-1264 31.10514
-1262 30.67776
-1260 30.61195
-1258 30.64297
-1256 31.16339
-1254 30.95386
-1252 30.99773
-1250 30.88502
-1248 30.66188
-1246 30.60439
-1244 30.67398
-1242 30.63691
-1240 30.80787
-1238 31.20650
-1236 31.18911
-1234 30.59758
-1232 31.08548
-1230 31.16490
-1228 31.19062
-1226 30.94251
-1224 30.82375
-1222 30.80862
-1220 30.75492
-1218 31.02421
-1216 30.86233
-1214 30.65280
-1212 31.01588
-1210 31.01059
-1208 30.52648
-1206 30.49546
-1204 30.80408
-1202 30.67474
-1200 30.82375
-1198 30.32526
-1196 30.39032
-1194 30.52042
-1192 30.60590
-1190 30.57867
-1188 31.25567
-1186 31.09682
-1184 30.89939
-1182 30.52042
-1180 30.65809
-1178 30.37368
-1176 30.23601
-1174 30.52421
-1172 30.71861
-1170 30.89410
-1168 31.09455
-1166 30.80938
-1164 30.51664
-1162 30.92209
-1160 30.56657
-1158 30.63162
-1156 30.73828
-1154 30.38578
-1152 30.61952
-1150 30.69440
-1148 30.75643
-1146 30.85552
-1144 30.27610
-1142 30.39561
-1140 30.85476
-1138 30.76929
-1136 30.55522
-1134 30.63313
-1132 30.78215
-1130 31.09153
-1128 30.91150
-1126 30.88427
-1124 30.58926
-1122 30.12557
-1120 30.10590
-1118 30.30182
-1116 30.47277
-1114 30.64070
-1112 30.20499
-1110 30.15355
-1108 30.50378
-1106 30.40847
-1104 30.31165
-1102 30.42814
-1100 30.45083
-1098 30.39107
-1096 30.91225
-1094 30.45461
-1092 30.09607
-1090 30.27080
-1088 30.44478
-1086 30.63162
-1084 30.99697
-1082 30.41225
-1080 30.57867
-1078 30.38654
-1076 30.24660
-1074 30.13011
-1072 29.93722
-1070 30.09229
-1068 30.44856
-1066 30.31997
-1064 30.12784
-1062 30.07640
-1060 30.48033
-1058 30.54690
-1056 30.51740
-1054 30.67247
-1052 30.69818
-1050 30.24055
-1048 30.16490
-1046 30.23903
-1044 30.44024
-1042 30.15431
-1040 30.44251
-1038 30.41528
-1036 30.39637
-1034 30.85174
-1032 30.92738
-1030 30.63918
-1028 30.65961
-1026 30.81392
-1024 30.49168
-1022 30.54312
-1020 30.42663
-1018 30.68079
-1016 30.62557
-1014 30.90242
-1012 30.61195
-1010 30.64524
-1008 30.66566
-1006 31.05295
-1004 31.01286
-1002 31.07110
-1000 30.82753
-998 31.10439
-996 31.30106
-994 31.19062
-992 31.73147
-990 31.39561
-988 30.78744
-986 30.80862
-984 30.64599
-982 31.09229
-980 30.80560
-978 30.99017
-976 31.19743
-974 31.14145
-972 31.14977
-970 30.69894
-968 30.43117
-966 30.53555
-964 30.88956
-962 30.31770
-960 30.36838
-958 30.18306
-956 30.02421
-954 29.75113
-952 30.24660
-950 30.35098
-948 30.39486
-946 30.29955
-944 30.23298
-942 30.74130
-940 30.72390
-938 31.23601
-936 31.18003
-934 30.82375
-932 30.59531
-930 30.81089
-928 30.63843
-926 30.54236
-924 30.71104
-922 30.78291
-920 30.53177
-918 30.50605
-916 30.01362
-914 30.14070
-912 30.27837
-910 30.68306
-908 30.21785
-906 29.70953
-904 30.22693
-902 29.60212
-900 30.11195
-898 30.57867
-896 30.12935
-894 30.30635
-892 30.59229
-890 30.41755
-888 30.48638
-886 30.99546
-884 30.67322
-882 30.53707
-880 30.27231
-878 30.18986
-876 30.06883
-874 30.38351
-872 30.51437
-870 30.27307
-868 29.96293
-866 30.57337
-864 30.37443
-862 30.10212
-860 30.11195
-858 30.52421
-856 30.74357
-854 30.65431
-852 30.72769
-850 30.73903
-848 30.30560
-846 30.46747
-844 30.73525
-842 29.90545
-840 30.22769
-838 30.23979
-836 30.21180
-834 30.20802
-832 30.21558
-830 29.79198
-828 30.59834
-826 30.67020
-824 30.43797
-822 30.63238
-820 30.62103
-818 30.46142
-816 30.48638
-814 30.70348
-812 30.08018
-810 29.84796
-808 30.01513
-806 30.30182
-804 30.20802
-802 30.19516
-800 29.92209
-798 30.23979
-796 30.49697
-794 30.02874
-792 30.05749
-790 29.91604
-788 29.96293
-786 29.94176
-784 29.71483
-782 29.57716
-780 29.71331
-778 30.23298
-776 30.12179
-774 29.71180
-772 29.55522
-770 29.84342
-768 30.14826
-766 30.19743
-764 30.44251
-762 30.36838
-760 30.58169
-758 30.35325
-756 30.54085
-754 30.16339
-752 29.92057
-750 29.69516
-748 30.33737
-746 30.21180
-744 29.88124
-742 30.24811
-740 30.24962
-738 30.42057
-736 30.30560
-734 29.90091
-732 30.14826
-730 31.02723
-728 31.21558
-726 31.24055
-724 31.09153
-722 30.92738
-720 31.12784
-718 30.68533
-716 30.82678
-714 30.58548
-712 30.55976
-710 30.36460
-708 30.08548
-706 30.58396
-704 30.78139
-702 30.46823
-700 30.60968
-698 30.57716
-696 30.57110
-694 30.54992
-692 30.79198
-690 30.41150
-688 30.70272
-686 30.56959
-684 30.44176
-682 30.61346
-680 30.53707
-678 30.18154
-676 30.07564
-674 30.61952
-672 30.08623
-670 29.91528
-668 29.56278
-666 29.84720
-664 30.04690
-662 29.89713
-660 29.61422
-658 29.80787
-656 29.87065
-654 29.94629
-652 29.94327
-650 29.96899
-648 29.94705
-646 29.96142
-644 30.99849
-642 30.69743
-640 30.62935
-638 30.47579
-636 31.02345
-634 30.46293
-632 30.63011
-630 30.41452
-628 30.34418
-626 30.33661
-624 29.95613
-622 30.01286
-620 30.32300
-618 30.43873
-616 30.59909
-614 30.47201
-612 31.06051
-610 30.64070
-608 30.74735
-606 30.59985
-604 30.52421
-602 30.28215
-600 30.56883
-598 30.44554
-596 30.32602
-594 30.53934
-592 30.70499
-590 30.36157
-588 30.50303
-586 30.47806
-584 29.82451
-582 30.41074
-580 30.30182
-578 30.09834
-576 30.54766
-574 30.75265
-572 30.12784
-570 30.01362
-568 30.15582
-566 30.13162
-564 30.06051
-562 30.17247
-560 30.42511
-558 30.33964
-556 30.28517
-554 29.83359
-552 29.54312
-550 29.81543
-548 29.95083
-546 30.11195
-544 29.36309
-542 29.49697
-540 29.51891
-538 29.33586
-536 29.30408
-534 29.12859
-532 29.31694
-530 29.51362
-528 30.03782
-526 30.00227
-524 29.82829
-522 30.28971
-520 29.94251
-518 29.63313
-516 29.82224
-514 30.25189
-512 29.97958
-510 30.16944
-508 29.61725
-506 29.89107
-504 29.93268
-502 30.31014
-500 30.24130
-498 30.10363
-496 29.96066
-494 29.71634
-492 29.99017
-490 30.07564
-488 30.74055
-486 30.61573
-484 30.65809
-482 30.22315
-480 30.09834
-478 30.01588
-476 30.53858
-474 30.70802
-472 30.36762
-470 30.11119
-468 30.54917
-466 30.40545
-464 30.42209
-462 30.90620
-460 30.76702
-458 30.49622
-456 30.36536
-454 30.82905
-452 30.84191
-450 30.55068
-448 30.21861
-446 30.77685
-444 30.79350
-442 30.66112
-440 30.47806
-438 30.31165
-436 30.56430
-434 30.05673
-432 30.36914
-430 30.53480
-428 30.69365
-426 30.02950
-424 29.96596
-422 30.30106
-420 30.12557
-418 29.84871
-416 29.80635
-414 29.47277
-412 29.70726
-410 30.02950
-408 29.89939
-406 29.85930
-404 30.11573
-402 30.01362
-400 30.36838
-398 30.31921
-396 30.22163
-394 30.01362
-392 29.84645
-390 29.80333
-388 30.23752
-386 30.03101
-384 29.88351
-382 30.20424
-380 30.12103
-378 30.48790
-376 30.25416
-374 30.45613
-372 30.69365
-370 30.22844
-368 29.76929
-366 29.75643
-364 30.71331
-362 30.31467
-360 30.22920
-358 30.11800
-356 29.97579
-354 30.11346
-352 30.11800
-350 29.77383
-348 29.96899
-346 29.93570
-344 29.95083
-342 30.22920
-340 30.34418
-338 30.39259
-336 30.01210
-334 30.06127
-332 30.14977
-330 30.03328
-328 29.70953
-326 29.48109
-324 29.37216
-322 29.95008
-320 30.56127
-318 30.53404
-316 30.66036
-314 30.43873
-312 30.64070
-310 30.38578
-308 30.62405
-306 30.74281
-304 30.36762
-302 30.30787
-300 30.50832
-298 30.38200
-296 30.46369
-294 30.26929
-292 30.20197
-290 30.20272
-288 29.85628
-286 30.28971
-284 29.79047
-282 30.00076
-280 29.97806
-278 30.21331
-276 29.48336
-274 30.14902
-272 30.37821
-270 30.50529
-268 29.73601
-266 29.56732
-264 30.24281
-262 30.40696
-260 29.67625
-258 29.64826
-256 29.56127
-254 29.92663
-252 30.15658
-250 30.05976
-248 30.56581
-246 30.78139
-244 30.33283
-242 29.92738
-240 29.92209
-238 29.64448
-236 29.70499
-234 29.83812
-232 30.03328
-230 30.19213
-228 30.13994
-226 29.99546
-224 29.78139
-222 29.89939
-220 30.36687
-218 30.10212
-216 30.19213
-214 30.35476
-212 30.27761
-210 30.36006
-208 29.83283
-206 30.01815
-204 30.22769
-202 30.10439
-200 30.12027
-198 29.84418
-196 29.54085
-194 29.20045
-192 29.97806
-190 30.19289
-188 30.09682
-186 29.55749
-184 29.75038
-182 30.10666
-180 30.10212
-178 29.93117
-176 30.18306
-174 30.14902
-172 30.57640
-170 30.69365
-168 30.54085
-166 30.68230
-164 30.98865
-162 30.61271
-160 30.63616
-158 30.90166
-156 30.06127
-154 30.04841
-152 30.63162
-150 30.63994
-148 30.18457
-146 30.51135
-144 30.61195
-142 30.26475
-140 30.86914
-138 31.06430
-136 30.90393
-134 31.07640
-132 31.14977
-130 31.01286
-128 31.23071
-126 31.51588
-124 31.09380
-122 31.61498
-120 32.06884
-118 31.42814
-116 32.20348
-114 32.13616
-112 32.15885
-110 32.59380
-108 33.80711
-106 34.77005
-104 40.52345
-102 47.59077
-100 39.20272
-98 34.91982
-96 33.36990
-94 32.22239
-92 31.60666
-90 32.13313
-88 31.75794
-86 31.70953
-84 31.78517
-82 31.40166
-80 31.07413
-78 31.22844
-76 31.23071
-74 30.94705
-72 31.11498
-70 31.21936
-68 30.76778
-66 30.56732
-64 30.97428
-62 30.49849
-60 30.59304
-58 30.21709
-56 30.30560
-54 30.71558
-52 30.73525
-50 30.60287
-48 30.86611
-46 30.87216
-44 31.04312
-42 30.23676
-40 30.84266
-38 30.60968
-36 29.75567
-34 29.72163
-32 29.34115
-30 29.41906
-28 29.74962
-26 29.84191
-24 30.22844
-22 30.08321
-20 30.01437
-18 29.69970
-16 29.81770
-14 29.81619
-12 29.70121
-10 29.98790
-8 29.95840
-6 29.90015
-4 29.91452
-2 29.82829
0 29.67095
2 28.89932
4 28.97273
6 29.39727
8 29.70485
10 29.55049
12 29.70289
14 29.22814
16 29.50152
18 29.28789
20 29.82088
22 30.11594
24 30.16565
26 29.98014
28 29.72095
30 30.21959
32 30.02986
34 29.95402
36 29.75844
38 29.50192
40 29.67435
42 29.87241
44 29.62846
46 29.30562
48 29.28736
50 29.58751
52 29.44290
54 29.57529
56 29.59892
58 30.44470
60 29.93189
62 29.45081
64 29.97519
66 29.49573
68 29.41848
70 29.34732
72 29.17885
74 29.94630
76 29.73520
78 29.89478
80 29.93214
82 29.83294
84 29.51328
86 29.19390
88 29.86463
90 30.02819
92 30.55251
94 30.21098
96 30.25667
98 30.41241
100 48.00000
102 29.91660
104 30.10079
106 30.18440
108 31.07808
110 30.71744
112 30.47946
114 30.69565
116 30.89557
118 30.55740
120 29.87797
122 29.93418
124 29.67302
126 29.84114
128 30.02305
130 29.75815
132 29.96895
134 29.59363
136 29.47927
138 29.38867
140 30.14137
142 29.91767
144 29.36320
146 29.11849
148 29.29407
150 29.09222
152 29.36838
154 29.78554
156 30.02010
158 30.16331
160 30.08374
162 30.06205
164 29.34919
166 29.94108
168 30.18901
170 29.64268
172 30.21683
174 30.57409
176 30.20502
178 30.14517
180 30.47808
182 29.91064
184 29.67155
186 29.84622
188 29.83143
190 29.69845
192 29.80342
194 29.70857
196 29.94281
198 29.92723
200 30.35352
202 30.45618
204 30.39836
206 30.14684
208 29.92939
210 29.23007
212 29.38322
214 29.39835
216 29.75947
218 29.34130
220 29.22442
222 29.03386
224 29.85455
226 30.43838
228 30.43295
230 30.00746
232 29.70813
234 29.85145
236 29.54070
238 29.51205
240 29.52912
242 29.76603
244 29.08167
246 29.56714
248 29.54257
250 29.49708
252 29.45652
254 29.67364
256 29.95896
258 29.61609
260 29.49916
262 29.49202
264 29.77311
266 29.49706
268 29.72222
270 29.61500
272 29.88701
274 29.51983
276 29.07264
278 28.99577
280 28.99915
282 29.47079
284 29.99661
286 29.77523
288 30.30985
290 30.46644
292 29.96173
294 29.74043
296 29.46337
298 29.69480
300 30.24659
302 29.72588
304 29.60000
306 29.30795
308 29.48887
310 29.77035
312 29.57204
314 29.78712
316 29.51546
318 29.75150
320 29.88984
322 29.66322
324 29.50690
326 29.14150
328 28.95337
330 29.25756
332 29.48789
334 29.49784
336 29.37435
338 29.67043
340 29.15625
342 29.25022
344 29.47043
346 29.51349
348 29.27178
350 29.27463
352 29.69023
354 29.73362
356 29.44406
358 29.32108
360 28.99825
362 29.24365
364 29.51491
366 29.56892
368 29.75571
370 29.70273
372 29.95951
374 29.93744
376 29.61817
378 29.28597
380 29.25707
382 29.35809
384 29.50885
386 29.74314
388 30.12855
390 30.38953
392 30.19183
394 30.48978
396 29.99199
398 30.21282
400 29.94296
402 29.78234
404 30.02857
406 29.80786
408 30.48122
410 30.13697
412 30.31631
414 30.26637
416 30.43178
418 30.37556
420 30.32014
422 29.91719
424 29.93333
426 30.61407
428 30.47112
430 30.44083
432 30.70705
434 30.46787
436 30.05978
438 30.03264
440 29.88294
442 29.88374
444 29.90909
446 29.80983
448 29.64572
450 29.72379
452 30.01916
454 29.47123
456 29.83272
458 30.03477
460 29.55678
462 29.74427
464 30.23670
466 30.14968
468 30.18291
470 30.11776
472 29.99724
474 29.86728
476 29.76568
478 29.52170
480 28.95194
482 29.26827
484 29.63241
486 29.29935
488 30.02783
490 29.89601
492 29.88940
494 29.65581
496 29.93389
498 29.66915
500 30.04384
502 29.69468
504 29.46822
506 29.17587
508 29.32303
510 29.48079
512 29.98687
514 30.14460
516 30.38252
518 29.87770
520 29.18079
522 29.60320
524 30.10283
526 29.94995
528 29.86768
530 29.52223
532 29.34280
534 29.86351
536 30.47913
538 29.99430
540 29.77186
542 30.24643
544 30.03905
546 29.85224
548 30.07634
550 30.51385
552 30.45507
554 30.27943
556 29.95115
558 30.29914
560 30.39923
562 29.76273
564 30.10481
566 29.95091
568 29.88825
570 29.94503
572 30.29923
574 30.10145
576 30.17505
578 29.49855
580 28.81202
582 29.49176
584 29.73204
586 30.16424
588 30.27529
590 29.98150
592 29.87135
594 30.00488
596 29.96484
598 29.94526
600 29.72016
602 29.90891
604 29.34412
606 29.40530
608 29.13458
610 29.49853
612 29.59350
614 29.83448
616 29.86884
618 30.02172
620 30.28063
622 30.21365
624 30.03861
626 29.56492
628 29.87202
630 29.67130
632 30.06561
634 29.83383
636 29.63845
638 29.66600
640 29.40419
642 29.73327
644 29.86300
646 29.64765
648 30.04108
650 30.05517
652 29.80120
654 29.71759
656 29.34608
658 29.90030
660 30.25504
662 30.24521
664 30.11818
666 29.78261
668 29.83603
670 29.91287
672 30.07607
674 30.12284
676 30.05996
678 29.72431
680 29.58147
682 29.87666
684 29.67857
686 29.23595
688 29.38548
690 29.74002
692 29.98771
694 30.29949
696 30.09548
698 29.69168
700 29.44547
702 29.81565
704 30.30412
706 30.46646
708 29.76963
710 29.36401
712 29.18944
714 29.85596
716 29.72199
718 30.24195
720 30.36798
722 30.05411
724 30.53750
726 30.01147
728 30.26722
730 30.68130
732 30.85983
734 30.03141
736 29.73795
738 30.19412
740 29.82353
742 29.95058
744 29.94210
746 30.34879
748 30.48840
750 29.98944
752 30.54968
754 29.99683
756 30.51907
758 30.29905
760 30.63694
762 30.01063
764 30.02872
766 30.25772
768 30.28785
770 29.79723
772 30.80021
774 30.20963
776 30.55460
778 30.51876
780 30.90558
782 30.93878
784 31.30753
786 30.37675
788 30.81681
790 30.51888
792 30.82613
794 30.65513
796 29.80411
798 30.12676
800 30.64425
802 30.39739
804 30.38587
806 29.93036
808 30.15904
810 30.04907
812 30.13210
814 29.95628
816 29.89059
818 30.09858
820 30.16338
822 30.28101
824 30.26154
826 30.22552
828 30.43943
830 30.58655
832 30.29139
834 30.33812
836 30.61062
838 29.96013
840 30.34590
842 30.51831
844 30.81222
846 30.55172
848 30.11024
850 30.20401
852 30.26674
854 30.36872
856 30.00000
858 29.82643
860 30.04708
862 30.14927
864 30.85843
866 29.97975
868 29.83784
870 29.87373
872 30.11174
874 29.86102
876 29.95362
878 30.26840
880 30.39683
882 30.36322
884 30.78182
886 30.77019
888 29.86902
890 30.51881
892 30.80822
894 29.81143
896 29.85126
898 30.15120
900 29.59404
902 30.12744
904 29.63333
906 29.40967
908 30.09908
910 29.88697
912 29.70439
914 29.87977
916 30.08565
918 30.70336
920 30.54060
922 30.94309
924 30.17326
926 30.47381
928 30.56410
930 29.94983
932 29.39603
934 29.60585
936 29.30679
938 29.47128
940 30.06103
942 30.62162
944 30.93882
946 30.76443
948 30.18278
950 29.74852
952 29.66785
954 29.68521
956 29.37441
958 29.52669
960 30.05582
962 30.37337
964 30.31667
966 30.55662
968 30.31503
970 30.49462
972 30.09091
974 30.13413
976 30.04676
978 30.51981
980 30.36539
982 30.75812
984 30.74699
986 30.55247
988 30.54952
990 31.08827
992 31.34262
994 30.76364
996 30.71481
998 30.43864
1000 50.00000
1002 29.65530
1004 29.94878
1006 30.51160
1008 30.74328
1010 30.88372
1012 30.86275
1014 30.22577
1016 30.06388
1018 30.53136
1020 30.50246
1022 30.72133
1024 30.52222
1026 30.22744
1028 30.09035
1030 30.64684
1032 30.96526
1034 30.74658
1036 29.83333
1038 29.23786
1040 29.66708
1042 29.91386
1044 30.09625
1046 29.49812
1048 29.66165
1050 29.23588
1052 29.42085
1054 29.87170
1056 30.29849
1058 29.93695
1060 30.32955
1062 29.93300
1064 29.95696
1066 29.84918
1068 30.34391
1070 30.19949
1072 30.56616
1074 29.78853
1076 29.64286
1078 28.87484
1080 28.84783
1082 29.10499
1084 29.28718
1086 29.97176
1088 30.39974
1090 30.51351
1092 30.28479
1094 29.43097
1096 29.39147
1098 29.02070
1100 30.11917
1102 30.60960
1104 30.72987
1106 29.98440
1108 30.70052
1110 30.73794
1112 30.76110
1114 30.13333
1116 30.10471
1118 29.81389
1120 30.01837
1122 29.93036
1124 29.41579
1126 29.82477
1128 29.93272
1130 30.10832
1132 29.88889
1134 29.56424
1136 29.11008
1138 29.79283
1140 30.40692
1142 29.56991
1144 29.56133
1146 29.37116
1148 29.07219
1150 29.38554
1152 29.24263
1154 29.86712
1156 29.82930
1158 30.14670
1160 29.66307
1162 30.16599
1164 30.72027
1166 30.03518
1168 30.02846
1170 29.71371
1172 29.87636
1174 29.47755
1176 29.21390
1178 29.17053
1180 29.55191
1182 29.49658
1184 29.55342
1186 29.20302
1188 29.03709
1190 28.61348
1192 28.77135
1194 28.76966
1196 28.69751
1198 28.29876
1200 28.57064
1202 28.59223
1204 28.20139
1206 28.53964
1208 28.60446
1210 29.32218
1212 29.15363
1214 29.31748
1216 28.93277
1218 28.56662
1220 28.94944
1222 28.90436
1224 28.34085
1226 28.76728
1228 28.85735
1230 29.33663
1232 29.34561
1234 29.50496
1236 30.01847
1238 29.34993
1240 29.41311
1242 29.72753
1244 29.96714
1246 29.81974
1248 29.94269
1250 29.25251
1252 29.88937
1254 29.66475
1256 29.14265
1258 29.93074
1260 29.31214
1262 29.27352
1264 28.79855
1266 29.41364
1268 29.57413
1270 28.87336
1272 28.57434
1274 28.60000
1276 29.18860
1278 29.22840
1280 29.26540
1282 29.49192
1284 29.69706
1286 29.58027
1288 29.71386
1290 30.03250
1292 29.87426
1294 29.94518
1296 29.47923
1298 29.16939
1300 29.87202
1302 30.79434
1304 31.18955
1306 30.36921
1308 29.97754
1310 29.48276
1312 29.81381
1314 29.74887
1316 29.99699
1318 29.97888
1320 30.48338
1322 30.91074
1324 31.00303
1326 29.94841
1328 29.42553
1330 29.84171
1332 29.68293
1334 29.51450
1336 29.80275
1338 30.01838
1340 29.67945
1342 29.31490
1344 29.72154
1346 29.91680
1348 29.36420
1350 29.25502
1352 28.87616
1354 28.82946
1356 29.62888
1358 29.45412
1360 28.71495
1362 28.99844
1364 29.24531
1366 29.13928
1368 29.56583
1370 30.51491
1372 30.30975
1374 30.25984
1376 30.41956
1378 30.59716
1380 30.21044
1382 30.25040
1384 29.90318
1386 29.98569
1388 30.41720
1390 30.55502
1392 30.08946
1394 29.11360
1396 29.37180
1398 29.61156
1400 29.57235
1402 30.10628
1404 29.71935
1406 29.66721
1408 29.25566
1410 29.02269
1412 28.31494
1414 28.83252
1416 28.97231
1418 29.49918
1420 29.65359
1422 29.39444
1424 29.43607
1426 29.82430
1428 28.99013
1430 28.25865
1432 27.99835
1434 28.69256
1436 29.14404
1438 28.39635
1440 28.48671
1442 28.69884
1444 29.01667
1446 29.31886
1448 29.80936
1450 29.68844
1452 30.01510
1454 29.92101
1456 29.95455
1458 29.40135
1460 28.63007
1462 28.70389
1464 29.50000
1466 28.69270
1468 29.23809
1470 28.55025
1472 28.41126
1474 28.36410
1476 28.36815
1478 29.16295
1480 29.15979
1482 29.32014
1484 28.55000
1486 28.03109
1488 28.17128
1490 27.89775
1492 28.80382
1494 28.54783
1496 28.73519
1498 29.40140
1500 29.92483
1502 29.70403
1504 29.06140
1506 29.94552
1508 29.62852
1510 29.11111
1512 28.49823
1514 28.93805
1516 28.95036
1518 28.71048
1520 29.56762
1522 28.79144
1524 28.51429
1526 29.27191
1528 28.98925
1530 28.52424
1532 28.53417
1534 28.76396
1536 29.68953
1538 29.32369
1540 29.33152
1542 28.29764
1544 28.10909
1546 28.58652
1548 29.47080
1550 29.39854
1552 29.39377
1554 29.85138
1556 29.74816
1558 30.12339
1560 29.02952
1562 29.42883
1564 29.80556
1566 29.46753
1568 29.39777
1570 28.82682
1572 29.04664
1574 29.22056
1576 29.22846
1578 29.47092
1580 29.62406
1582 29.59322
1584 29.56981
1586 29.91493
1588 29.70455
1590 29.13283
1592 28.34221
1594 29.06857
1596 28.81679
1598 28.63480
1600 29.44061
1602 29.20154
1604 28.83462
1606 27.80540
1608 28.69112
1610 28.76789
1612 28.83915
1614 29.27767
1616 29.14202
1618 28.83626
1620 28.39844
1622 28.55969
1624 28.92353
1626 28.88998
1628 28.59646
1630 28.65878
1632 28.78063
1634 28.95446
1636 29.04365
1638 29.10537
1640 29.71115
1642 29.54291
1644 30.32400
1646 29.09018
1648 29.15663
1650 29.39839
1652 29.68347
1654 28.78788
1656 28.50810
1658 28.76876
1660 28.52236
1662 29.31976
1664 28.96939
1666 27.83436
1668 28.76435
1670 29.05339
1672 29.02675
1674 28.60825
1676 28.51446
1678 28.32505
1680 28.43568
1682 28.32224
1684 28.53750
1686 28.89770
1688 27.98536
1690 27.45283
1692 27.21008
1694 27.35789
1696 27.48945
1698 27.55180
1700 27.83263
1702 28.31422
1704 28.89362
1706 29.52239
1708 29.11111
1710 28.03640
1712 27.90987
1714 28.34194
1716 28.42026
1718 28.33693
1720 28.87879
1722 28.80477
1724 28.98043
1726 29.29194
1728 29.22926
1730 28.73961
1732 28.92325
1734 28.80879
1736 28.57489
1738 28.28477
1740 28.12168
1742 28.71840
1744 29.38000
1746 29.14699
1748 29.95982
1750 29.53468
1752 28.31166
1754 28.57079
1756 27.73198
1758 28.46501
1760 28.54977
1762 28.61905
1764 29.28409
1766 28.56720
1768 28.35616
1770 28.68192
1772 28.53670
1774 27.90115
1776 28.48848
1778 29.43187
1780 29.93750
1782 28.98608
1784 28.73256
1786 28.66200
1788 28.82477
1790 28.14754
1792 28.58685
1794 28.89177
1796 29.11321
1798 29.03546
1800 29.15640
1802 29.27791
1804 29.20714
1806 28.94988
1808 29.59091
1810 29.68585
1812 29.15385
1814 29.47952
1816 29.71256
1818 28.76029
1820 28.75000
1822 28.52068
1824 28.88780
1826 28.57702
1828 28.50000
1830 29.03686
1832 29.53202
1834 29.44938
1836 29.40347
1838 30.24318
1840 29.75622
1842 29.50374
1844 29.71000
1846 30.94486
1848 30.25126
1850 29.97229
1852 29.38131
1854 30.01519
1856 29.80457
1858 29.51908
1860 28.91837
1862 29.59335
1864 30.62051
1866 30.83805
1868 30.71134
1870 30.08527
1872 29.80052
1874 29.73507
1876 30.18750
1878 30.35770
1880 29.88220
1882 29.44357
1884 29.90000
1886 29.45910
1888 29.25926
1890 29.10875
1892 30.24202
1894 29.87467
1896 29.96791
1898 30.03485
1900 29.58333
1902 28.93801
1904 28.91622
1906 28.25474
1908 28.27174
1910 28.77657
1912 28.96448
1914 28.09863
1916 28.81593
1918 28.96694
1920 29.03315
1922 28.68975
1924 28.61389
1926 28.40390
1928 29.01397
1930 28.87115
1932 27.72191
1934 26.74930
1936 27.63842
1938 27.97734
1940 28.65341
1942 28.43590
1944 28.09714
1946 28.80802
1948 28.48851
1950 28.76369
1952 28.09827
1954 27.76232
1956 28.25000
1958 28.54227
1960 28.13158
1962 28.42522
1964 28.49412
1966 28.21239
1968 27.97337
1970 28.99110
1972 28.86012
1974 29.06866
1976 29.71257
1978 28.43844
1980 27.99398
1982 28.28399
1984 26.94242
1986 27.54711
1988 27.85671
1990 28.23242
1992 28.05521
1994 28.28308
1996 27.84568
1998 27.32198
2000 28.72360
2002 28.24299
2004 27.94062
2006 28.75549
2008 29.33648
2010 28.57413
2012 29.70253
2014 28.95238
2016 28.83121
2018 27.93930
2020 28.02885
2022 28.82958
2024 28.10000
2026 27.79935
2028 28.16234
2030 28.73290
2032 29.04248
2034 29.60328
2036 29.70066
2038 29.33003
2040 29.55629
2042 29.10299
2044 29.28333
2046 28.68562
2048 28.57047
2050 28.66330
2052 28.35135
2054 28.94915
2056 28.59864
2058 28.49829
2060 29.11301
2062 28.31272
2064 28.39310
2066 28.22145
2068 28.68750
2070 29.25435
2072 28.79021
2074 28.50877
2076 29.13732
2078 29.58304
2080 28.69504
2082 28.56940
2084 28.83571
2086 28.24731
2088 28.27338
2090 28.14079
2092 29.08696
2094 29.51636
2096 30.11314
2098 29.80952
2100 29.33824
2102 28.60517
2104 28.21482
2106 28.33829
2108 28.66045
2110 28.16854
2112 27.93233
2114 27.41132
2116 27.53409
2118 26.86692
2120 27.18321
2122 28.08429
2124 28.20385
2126 28.14286
2128 27.50388
2130 28.10506
2132 27.24219
2134 26.65098
2136 26.98819
2138 26.70751
2140 26.31349
2142 28.32271
2144 27.71200
2146 27.42972
2148 28.04436
2150 28.09312
2152 28.23171
2154 27.86939
2156 28.28279
2158 28.34568
2160 28.83058
2162 28.19917
2164 28.80833
2166 28.43933
2168 29.39916
2170 29.28270
2172 29.46610
2174 29.75745
2176 29.23932
2178 29.12876
2180 28.41810
2182 28.50216
2184 27.75652
2186 27.27074
2188 26.55263
2190 26.31718
2192 26.97788
2194 26.89778
2196 27.99553
2198 27.21525
2200 28.36937
2202 28.65611
2204 28.86364
2206 28.35160
2208 29.94954
2210 29.09678
2212 28.81018
2214 28.04186
2216 28.12617
2218 28.95775
2220 29.90566
2222 30.01422
2224 29.99524
2226 30.58373
2228 30.14423
2230 30.19807
2232 29.87379
2234 29.63415
2236 28.99510
2238 28.29557
2240 28.76733
2242 28.13930
2244 28.01500
2246 29.01508
2248 29.79798
2250 28.77665
2252 29.29592
2254 29.88718
2256 28.63402
2258 29.72539
2260 30.25000
2262 30.84293
2264 31.31053
2266 30.59259
2268 31.22340
2270 31.27273
2272 30.37634
2274 30.05946
2276 30.49457
2278 30.80874
2280 30.64286
2282 29.54696
2284 30.86667
2286 30.53073
2288 31.15169
2290 30.72316
2292 30.05114
2294 31.01143
2296 31.14943
2298 29.62428
2300 29.97674
2302 29.42690
2304 30.35294
2306 29.49704
2308 29.56548
2310 30.97605
2312 31.42169
2314 31.25455
2316 30.37195
2318 31.00000
2320 31.30864
2322 31.87578
2324 31.68750
2326 31.19497
2328 31.82278
2330 30.21019
2332 29.64744
2334 30.45161
2336 30.64935
2338 31.53595
2340 31.59211
2342 31.86755
2344 32.18667
2346 32.04698
2348 30.06757
2350 29.53741
2352 30.39726
2354 29.68276
2356 30.35417
2358 31.16084
2360 29.95775
2362 29.92199
2364 29.05000
2366 30.10791
2368 30.71014
2370 31.64964
2372 32.30147
2374 30.62963
2376 31.14925
2378 30.87970
2380 30.35606
2382 30.00763
2384 30.18462
2386 30.25581
2388 29.96094
2390 29.68504
2392 29.52381
2394 29.98400
2396 30.76613
2398 30.26016
2400 29.99180
2402 31.34711
2404 30.99167
2406 32.19328
2408 32.62712
2410 31.70086
2412 32.56897
2414 33.49565
2416 32.45614
2418 30.86726
2420 32.10714
2422 32.01802
2424 30.60909
2426 30.66055
2428 29.82407
2430 30.91589
2432 31.63208
2434 31.44762
2436 32.01923
2438 33.04854
2440 32.45098
2442 30.62376
2444 30.73000
2446 29.29293
2448 29.22449
2450 29.18557
2452 30.44792
2454 30.24211
2456 32.07447
2458 33.63441
2460 34.75000
2462 33.42857
2464 33.02222
2466 31.87640
2468 32.28409
2470 32.25287
2472 33.27907
2474 32.85882
2476 33.25000
2478 34.33735
2480 35.04878
2482 35.88889
2484 35.55000
2486 34.41772
2488 33.26923
2490 31.63636
2492 30.84211
2494 32.81333
2496 31.74324
2498 31.75343
2500 32.73611
2502 33.50704
2504 34.41429
2506 33.91304
2508 32.67647
2510 31.77612
